AAB;0,1,2,3,4,5
AAC;1,6,7,8,9,10,11,12,13,14
AAF;24,25,26,27,28,29,30
AAG;31,32,33,34,35,36,37,38,39
AAH;24,32,40,41,42,43,44,45,46,47
AAI;7,16,33,48,49,50
AAK;41,54,55,56,57,58,59,60,61,62,63
AAL;2,17,21,26,35,55,64,65,66,67,68,69,70,71,72,73
AAM;8,36,42,48,56,64,74,75,76,77,78,79
AAN;18,27,37,57,65,75,80,81,82,83,84,85,86
AAS;4,11,23,29,39,44,50,60,68,77,84,95,100,101
AAU;70,90,93,97,100,102
AAV;13,30,53,62,71,98,101,103
AAW;14,20,46,63,91,104,106,107
ABB;0,108,109,110,111,112,113,114
ABC;1,115,116,117,118,119
ABD;120,121,122,123,124,125,126,127,128
ABE;108,120,129,130,131,132,133,134,135,136,137,138
ABF;139,140,141,142,143
ABG;144,145,146,147,148,149,150,151
ABH;115,144,152,153,154,155,156
ABJ;164,165,166
ABK;116,129,167,168,169,170,171,172,173
ABL;2,109,122,130,140,146,153,157,167,174,175,176,177,178,179,180,181
ABM;131,147,158,164,175,182,183,184
ABN;117,123,132,148,159,168,185,186,187,188,189,190
ABO;110,124,160,169,176,182,185,191,192,193
ABP;133,194,195,196
ABR;3,111,118,125,134,141,149,161,170,183,186,191,194,197,198,199,200,201
ABS;4,112,119,126,135,142,150,154,162,165,171,177,184,187,192,195,197,202,203,204,205,206
ABT;136,143,155,163,178,188,193,198,203,207,208,209
ABW;128,173,180,190,200,205
ABY;5,114,138,151,181,201,206,209
ACD;214,215,216,217,218,219,220,221
ACE;211,214,222,223,224,225,226,227,228,229,230,231,232,233
ACF;222,234,235,236,237,238
ACG;223,239,240,241,242,243,244
ACH;115,215,224,239,245,246,247,248,249,250,251,252,253,254,255,256,257,258
ACL;218,226,235,240,247,259,268,278,279,280,281,282,283,284,285,286,287,288,289
ACM;8,227,248,260,269,279,290,291,292,293,294,295
ACN;117,228,241,249,261,280,296,297,298,299,300
ACO;213,219,250,262,281,290,301,302,303,304,305
ACP;9,229,251,263,270,282,291,301,306,307,308,309,310
ACR;10,118,220,230,242,252,264,271,283,292,297,302,306,311,312,313,314,315,316
ACS;11,119,221,231,236,243,253,265,272,284,293,298,303,307,312,317,318,319,320,321
ACT;12,232,237,254,273,285,299,304,308,313,318,322
ACV;13,233,255,319,324
ACW;14,256,275,287,314,320
ACY;244,257,276,289,295,300,310,315,321,323,324
ACZ;258,277,316
ADD;15,325,326,327,328,329,330,331
ADE;120,214,325,332,333,334,335,336,337,338,339,340,341,342,343,344,345,346,347,348,349,350
ADF;332,351,352,353,354,355,356,357
ADG;333,358,359,360,361,362,363,364,365
ADH;215,334,366,367,368,369,370,371,372,373
ADI;16,121,216,335,358,374,375,376,377,378,379,380,381,382,383,384
ADK;217,337,367,374,385,386,387,388,389
ADL;17,122,218,338,359,368,375,390,391,392,393,394,395,396,397
ADM;339,376,398,399,400,401,402,403
ADN;18,123,340,352,360,369,385,390,398,404,405,406,407,408,409,410
ADO;124,219,326,341,353,361,370,391,404,411,412,413,414,415
ADP;342,377,399,405,411,416,417
ADR;125,220,327,343,354,362,371,379,386,392,400,406,412,416,419,420,421,422,423
ADS;126,221,328,344,355,363,372,380,387,393,401,407,413,417,419,424,425,426,427
ADT;19,345,356,381,394,408,414,420,425,428,429
ADW;20,128,330,347,365,383,389,396,403,410,415,422,426,429,432
ADY;331,349,357,384,397,423,427,430,431,432
ADZ;350
AEF;222,332,440,441,442,443,444,445,446,447,448
AEG;223,333,433,449,450,451,452,453,454,455,456,457,458,459,460,461
AEH;224,334,462,463,464,465,466,467,468,469,470,471,472,473
AEK;129,225,337,435,440,462,474,479,483,484,485,486,487,488,489,490,491
AEL;21,130,226,338,436,441,450,463,475,484,492,493,494,495,496,497,498,499,500,501,502,503,504
AEM;131,227,339,442,451,464,476,485,493,505,506,507,508,509,510,511,512
AEN;132,228,340,443,452,465,477,480,486,494,506,513,514,515,516,517,518,519,520,521,522,523
AEP;133,229,342,453,466,481,487,496,515,527,528,529,530,531,532
AER;22,134,230,343,444,454,467,488,497,507,516,524,528,533,534,535,536,537,538,539,540
AES;23,135,231,344,437,445,455,468,489,498,508,517,529,534,541,542,543,544,545,546,547,548
AET;136,232,345,446,456,469,482,490,499,509,518,525,530,535,542,549,550,551,552
AEU;137,457,519,536,543,553,554
AEV;233,346,438,447,458,470,478,500,520,531,537,544,553,555
AEW;347,439,459,471,491,501,510,521,538,545,550,555,556
AEX;348,502,511,532,546,554
AEY;138,349,460,472,503,522,539,547,551
AEZ;350,448,461,473,504,512,523,526,540,548,552
AFF;139,234,351,557,558,559,560,561,562,563,564
AFG;558,565,566,567,568,569
AFH;24,559,570,571,572,573,574
AFK;440,570,575,582,583,584,585
AFL;26,140,235,441,565,571,576,582,586,587,588,589,590,591,592,593,594,595,596,597
AFN;27,352,443,560,566,577,583,588,600,601,602,603
AFO;353,561,567,589,598,600,604,605,606
AFP;590,607
AFR;28,141,354,444,562,568,578,591,599,604,607,609,610,611,612,613
AFS;29,142,236,355,445,569,572,584,592,601,605,609,614,615,616,617
AFT;143,237,356,446,573,579,593,610,614,618,619
AFU;238,574,594,602,611,615,618,620
AFW;563,580,585,595,603,608,616,619,621
AFX;581,596,620
AFY;357,564,597,606,612,617,621
AGG;31,449,622,623,624,625,626,627,628,629,630
AGH;32,144,239,622,631,632,633,634,635
AGJ;34,624,644,645,646
AGK;647,648,649,650,651
AGL;35,146,240,359,450,565,636,652,653,654,655,656,657,658
AGM;36,147,451,625,637,653,659,660,661,662,663,664,665
AGN;37,148,241,360,452,566,626,631,638,647,654,659,666,667,668,669,670,671,672,673,674,675
AGO;361,567,627,639,644,648,655,660,667,676,677,678,679,680
AGP;453,661,668,676,681,682,683,684
AGR;38,149,242,362,454,568,628,632,640,662,669,677,686,687,688,689,690
AGS;39,150,243,363,455,569,629,633,645,649,656,663,670,678,681,686,691,692,693,694,695,696,697
AGT;456,634,641,671,679,687,692
AGU;364,457,630,635,646,650,657,664,672,682,685,688,693,698
AGV;458,642,673,689,694
AGW;365,459,651,674,683,695
AGY;151,244,460,643,658,665,675,680,684,690,696,698,699
AGZ;461,697,699
AHH;40,700,701,702
AHI;152,245,703,704,705,706,707,708,709,710,711,712
AHJ;366,703,713
AHL;153,247,368,463,571,705,714,723,724,725,726,727,728,729,730
AHM;42,248,464,706,724,731,732,733,734,735,736
AHN;249,369,465,631,707,715,737,738,739,740,741,742,743
AHO;250,370,700,708,716,725,731,737,744,745,746,747,748,749,750
AHP;251,466,717,744,751,752,753,754,755
AHR;43,252,371,467,632,709,718,726,732,738,745,751,756,757
AHS;44,154,253,372,468,572,633,701,710,719,727,733,739,746,752,756,758,759,760,761
AHT;45,155,254,469,573,634,702,720,728,734,740,747,753,757,759,762,763,764
AHW;46,256,471,722,736,742,748,755,760,764
AHY;47,257,472,712,730,743,750,761,765
AIJ;703,769,770,771
AIK;374,474,575,704,772,773,774,775,776,777,778,779,780,781,782
AIL;157,259,375,475,576,636,705,766,769,773,783,784,785,786,787,788,789,790,791,792
AIM;48,158,260,376,476,637,706,774,783,793,794,795,796,797,798,799
AIN;159,261,477,577,638,707,767,775,784,794,800,801,802,803,804,805,806,807,808,809,810
AIP;263,377,776,785,796,802,812,813,814,815
AIR;49,161,264,379,578,640,709,777,786,797,803,813,817,818,819,820,821,822
AIS;50,162,265,380,710,771,778,787,798,804,814,817,823,824,825,826,827
AIT;163,381,579,641,779,788,805,811,815,818,824,828,829,830,831,832,833
AIV;382,478,642,781,789,807,819,825,830,834
AIW;383,580,790,808,820,826,831
AJK;266,479,835,836,837
AJM;164,839
AJP;51,481,843,844,845
AJR;52,835,838,843,846,847
AJT;482,842
AJW;849
AJY;850,851,852
AKK;54,267,483,772,854,855,856,857
AKM;56,269,485,774,866,867,868,869
AKO;169,648,716,854,859,866,870,878,879,880,881,882
AKP;58,270,487,717,776,860,871,878,883,884,885,886
AKR;59,170,271,386,488,718,777,835,855,861,867,872,879,883,887,888,889,890,891,892
AKS;60,171,272,387,489,584,649,719,778,836,856,868,873,880,884,888,893,894,895,896,897,898
AKT;61,273,490,720,779,862,874,881,889,894,899,900
AKU;172,274,388,650,721,780,837,863,875,885,890,895,899,901
AKW;63,173,275,389,491,585,651,722,864,869,876,886,891,897,901
AKY;276,857,865,877,882,892,898,900
ALL;174,278,492,586,652,723,902,903,904,905,906,907,908,909
ALM;64,175,279,493,587,653,724,783,903,910,911,912,913,914,915,916,917
ALP;66,282,496,590,785,860,905,912,919,926,933,934,935,936,937,938
ALR;67,283,392,497,591,726,786,838,861,913,920,927,939,940
ALS;68,177,284,393,498,592,656,727,787,906,914,928,934,939,941,942,943,944,945,946
ALT;69,178,285,394,499,593,728,788,862,907,915,921,929,935,942,947,948
ALU;70,179,286,395,594,657,729,863,916,922,936,943,947,949,950,951
ALV;71,500,789,930,944,950
ALW;180,287,396,501,595,790,864,908,923,931,937,945,948,951,952,953
ALX;72,288,502,596,791,924
ALY;73,181,289,397,503,597,658,730,865,909,917,938,940,946,953,954
AMM;74,505,793,910,955,956,957,958
AMN;75,398,506,659,794,959,960,961,962,963
AMO;182,290,598,660,731,795,866,911,955,959,964,965,966,967,968,969,970
AMP;291,399,661,796,912,971,972,973,974,975
AMR;76,183,292,400,507,599,662,732,797,867,913,956,964,971,976,977,978,979,980
AMS;77,184,293,401,508,663,733,798,839,868,914,957,960,965,972,976,981,982,983,984,985
AMT;78,509,734,915,966,973,977,982,986,987,988
AMU;294,402,664,735,916,958,961,967,974,978,983,987
AMW;403,510,736,869,962,968,979,984
AMX;511,799,969
AMY;79,295,665,917,963,970,980,985,988,989
ANN;80,296,513,666,800,840,990,991
ANP;82,405,515,668,802,871,919,999,1000,1001,1002
ANR;83,186,297,406,516,669,738,803,872,920,992,1003,1004,1005,1006,1007
ANS;84,187,298,407,517,601,670,739,804,873,960,991,993,999,1003,1008,1009,1010,1011,1012,1013
ANT;85,188,299,408,518,671,740,805,874,921,994,1000,1004,1009,1014,1015,1016
ANV;520,673,807,995,1011,1015,1019
ANW;190,410,521,603,674,742,808,876,923,962,996,1002,1006,1012,1016,1020
ANY;300,522,675,743,809,877,963,1007,1013,1018,1019,1020,1021
AOP;301,411,676,744,878,926,1022,1023,1024,1025
AOR;191,302,412,524,604,677,745,879,927,964,992,1022,1026,1027,1028,1029,1030,1031,1032
AOT;193,304,414,525,679,747,811,842,881,929,966,994,1024,1028,1034,1037,1038
AOV;930,995,1030,1035,1039
AOZ;526,932,998
APP;87,527,812,933,1040,1041,1042,1043
APR;88,194,306,416,528,607,751,813,843,883,971,1022,1040,1044,1045,1046,1047,1048,1049
APS;195,307,417,529,681,752,814,844,884,934,972,999,1023,1041,1045,1050,1051,1052,1053,1054,1055,1056
APT;89,308,530,753,815,935,973,1000,1024,1046,1051,1057,1058
APV;531,975,1053
APW;91,683,755,886,937,1002,1048,1054,1061
APX;532
APY;92,310,684,938,1043,1049,1055,1058,1059,1061
APZ;1056,1060
AQT;1062,1063
AQU;93,418,685,816,1063,1064
ARS;95,197,312,419,534,609,686,756,817,846,888,939,976,1003,1027,1045,1066,1067,1068,1069,1070,1071
ART;96,198,313,420,535,610,687,757,818,889,977,1004,1028,1046,1067,1072,1073,1074,1075,1076
ARV;98,537,689,819,1030,1069,1077,1079
ARW;200,314,422,538,820,891,979,1006,1031,1048,1070,1074,1078,1080
ARX;1081
ARY;99,201,315,423,539,612,690,821,892,940,980,1007,1032,1049,1065,1071,1075,1079,1080,1081
ASS;202,317,424,541,691,758,823,848,893,941,981,1008,1033,1050,1066,1083,1084,1085,1086,1087
AST;203,318,425,542,614,692,759,824,894,942,982,1009,1034,1051,1062,1067,1084,1088,1089,1090,1091,1092
ASU;100,204,543,615,693,895,943,983,1010,1052,1068,1089,1093,1094
ASV;101,319,544,694,825,896,944,1011,1035,1053,1069,1085,1090,1093,1095,1096
ASW;205,320,426,545,616,695,760,826,849,897,945,984,1012,1054,1070,1086,1091,1096,1097,1098
ASX;546,827
ASY;206,321,427,547,617,696,761,850,898,946,985,1013,1036,1055,1071,1087,1092,1094,1098,1099
ASZ;548,697,1056
ATT;207,322,549,762,828,986,1072,1088,1100,1101,1102
ATU;102,208,428,618,763,829,899,947,987,1014,1037,1057,1063,1073,1089,1101,1103
ATV;103,830,1015,1090,1103
ATW;104,429,550,619,764,831,948,1016,1074,1091,1102,1104
ATX;105,832
ATY;209,551,900,988,1038,1058,1075,1092,1104
AUV;553,950,1077,1093,1103
AUY;323,430,698,1018,1059,1064,1094
AVV;834,1095
AVW;555,1039,1096,1105
AVX;
AWW;106,556,952,1097
AWX;1106
AWY;107,432,621,953,1020,1061,1080,1098,1104,1105,1106,1107
AWZ;1108
AXZ;
AYY;1099,1107
BBE;108,1111,1112,1113
BBI;1109,1111,1114,1115
BBO;110,1110,1116,1118,1119,1120,1121
BBU;113,1117,1121,1122,1123,1124
BCO;1110,1131,1133,1135,1136
BCU;1127,1129,1132,1134,1137,1138
BDE;120,1139,1140,1141,1142,1143,1144,1145,1146,1147,1148
BDI;121,1140,1149,1150,1151,1152,1153
BDO;124,1143,1154,1157,1159,1160,1161,1162,1163
BDU;127,1147,1153,1155,1156,1158,1162,1164,1165
BEE;1139,1166,1167,1168,1169,1170,1171,1172,1173
BEG;1174,1175,1176,1177,1178
BEK;129,1126,1183,1195,1196,1197,1198,1199,1200
BEL;130,1112,1141,1168,1179,1184,1201,1202,1203,1204,1205,1206,1207,1208
BEN;132,1142,1169,1185,1192,1212,1213,1214,1215,1216,1217
BEO;1143,1175,1193,1196,1202,1209,1212,1218,1219,1220,1221,1222,1223
BER;134,1144,1171,1176,1180,1186,1197,1210,1213,1220,1225,1226,1227,1228,1229,1230
BES;135,1113,1145,1172,1177,1187,1198,1204,1214,1221,1226,1231,1232,1233
BET;136,1146,1173,1181,1188,1205,1215,1222,1231,1234,1235
BEW;1207,1211,1217,1229,1232
BEY;138,1148,1178,1200,1208,1223,1230,1233,1235,1237
BEZ;1191,1236
BFI;1238,1241,1242
BFO;1239,1243,1246,1247,1248,1249
BFU;1240,1244,1245,1248,1250
BGI;145,1174,1251,1252,1253,1254,1255,1256
BGO;1175,1254,1257,1258,1260,1261,1262,1263
BGU;1259,1264,1265
BHO;1268,1269,1270
BHU;156,1129,1267,1271,1272,1273
BIJ;1114,1182,1275
BIL;157,1184,1252,1276,1281,1282,1283,1284,1285,1286,1287,1288
BIM;158,1282,1289,1290,1291,1292
BIN;159,1150,1185,1253,1277,1283,1289,1293,1294,1295,1296
BIO;160,1254,1284,1297,1298,1299
BIR;161,1130,1151,1186,1241,1255,1278,1286,1290,1293,1297,1300,1301,1302
BIS;162,1115,1152,1187,1242,1256,1266,1274,1275,1279,1287,1291,1294,1298,1301,1303,1304,1305
BIT;163,1188,1288,1295,1299,1302,1304,1306
BIZ;1191,1292
BJO;1193,1307
BKO;169,1131,1196,1309,1311,1312,1313,1314,1315
BLO;176,1116,1133,1154,1202,1243,1257,1284,1318,1320,1321,1322,1323
BMO;182,1118,1135,1209,1328,1329,1330,1331,1332,1333,1334
BMU;1156,1245,1327,1332,1335,1336
BNO;185,1157,1212,1258,1309,1338,1339,1340,1341,1342
BNU;189,1158,1216,1259,1310,1327,1337,1341,1343,1344,1345
BOO;1119,1159,1218,1260,1268,1311,1320,1328,1338,1346,1347,1348,1349,1350
BOP;1219,1351,1352
BOR;191,1160,1220,1246,1261,1297,1312,1329,1339,1346,1351,1353,1354,1355,1356
BOS;192,1120,1136,1161,1221,1247,1262,1269,1298,1307,1313,1321,1330,1340,1347,1352,1353,1357,1358,1359,1360,1361
BOT;193,1222,1270,1299,1322,1331,1348,1354,1358,1362,1363,1364
BOW;1323,1333,1355,1360
BOX;1367
BOY;1163,1223,1249,1263,1315,1334,1342,1349,1356,1361,1364,1365,1367
BPU;196,1224,1335,1368,1369,1370
BRR;1225,1300,1371,1372
BRU;199,1122,1137,1164,1227,1264,1271,1316,1324,1343,1368,1372,1373,1374,1375,1376
BSU;204,1123,1138,1165,1250,1265,1272,1317,1326,1336,1344,1369,1373,1377,1378,1379
BSY;206,1233,1361,1379
BTU;208,1234,1273,1345,1363,1374,1378,1380
BUY;1365,1370,1376,1379
CDI;216,1391,1396,1397,1398,1399,1400,1401
CDO;219,1393,1398,1402,1404,1405,1406,1407,1408,1409
CDU;1395,1401,1403,1409,1410,1411,1412
CEE;1382,1390,1413,1414,1415,1416,1417,1418
CEH;224,1413,1419,1426,1427,1428,1429,1430,1431,1432,1433,1434,1435,1436,1437
CEI;1125,1391,1420,1438,1439,1440,1441,1442,1443,1444,1445,1446
CEL;226,1422,1425,1428,1438,1454,1455,1456,1457,1458,1459,1460
CEO;1383,1393,1430,1450,1456,1461,1464,1468,1469,1470,1471,1472,1473
CEP;229,1414,1431,1441,1451,1468,1474,1475,1476
CER;230,1394,1415,1432,1442,1452,1462,1469,1474,1477,1478,1479,1480
CES;231,1416,1433,1443,1457,1465,1470,1475,1477,1481,1482,1483,1484
CET;232,1417,1434,1444,1458,1466,1471,1478,1482,1485,1486
CEU;1127,1395,1453,1459,1467,1476,1479,1483,1485
CGI;1503
CGO;1501,1505,1506,1507
CHI;245,1128,1384,1396,1509,1510,1511,1512,1513,1514,1515,1516,1517,1518,1519,1520
CHO;250,1385,1430,1501,1521,1523,1525,1527,1528,1529,1530,1531,1532,1533,1534
CIK;1397,1509,1540,1541,1542,1543,1544,1545,1546,1547,1548,1549
CIM;260,1439,1511,1542,1555,1556,1557
CIP;263,1441,1513,1544,1552,1566,1567,1568
CIS;265,1399,1443,1491,1503,1515,1546,1557,1567,1569,1573,1574
CIT;1400,1444,1516,1547,1554,1563,1570,1574,1575,1576
CIY;1549,1568,1572,1576
CLO;281,1133,1404,1456,1494,1505,1523,1551,1580,1597,1600,1601,1602,1603,1604,1605,1606,1607
CLY;289,1524,1607
CMO;290,1135,1461,1525,1555,1582,1611,1612,1613,1614,1615
CMU;294,1526,1583,1599,1616
CMW;1617
CMY;295,1463,1618
CNO;1405,1464,1495,1527,1558,1584,1600,1619,1620,1621,1622,1623,1624
COO;1387,1406,1496,1528,1578,1585,1601,1612,1620,1628,1629,1630
COP;301,1468,1529,1586,1602,1613,1628,1631,1632,1633,1634,1635
COR;302,1388,1407,1469,1497,1506,1530,1562,1587,1614,1621,1631,1636,1637,1638,1639,1640
COS;303,1136,1408,1470,1507,1531,1588,1603,1615,1622,1629,1632,1636,1641,1642,1643,1644
COT;304,1471,1498,1532,1563,1589,1604,1630,1637,1642,1645
COW;1534,1590,1606,1634,1639,1643,1646
COX;305,1564,1647
COY;1389,1591,1607,1624,1635,1640,1644,1646,1647,1648
COZ;1473,1565,1648
CPU;309,1476,1592,1633,1649
CRU;1137,1410,1479,1499,1535,1571,1593,1608,1625,1638,1650,1651,1653,1654
CRY;315,1572,1640,1652
CTU;1412,1485,1537,1575,1595,1610,1627,1653,1656
CUZ;
DDI;1659,1664,1665
DDO;326,1660,1664,1666,1667,1668
DDU;329,1662,1669,1670
DEE;1139,1390,1658,1671,1672,1673,1674,1675,1676,1677,1678,1679,1680,1681,1682,1683,1684,1685,1686,1687
DEF;332,1671,1688,1689,1690,1691,1692,1693,1694,1695
DEG;333,1672,1696,1697,1698,1699,1700,1701,1702
DEH;334,1673,1703,1704,1705,1706,1707,1708,1709,1710
DEI;335,1140,1391,1659,1674,1688,1696,1703,1711,1712,1713,1714,1715,1716,1717,1718,1719,1720,1721
DEK;337,1392,1676,1712,1722,1723,1724,1725,1726
DEL;338,1141,1677,1689,1697,1704,1713,1727,1728,1729,1730,1731,1732,1733,1734,1735,1736,1737
DEM;339,1678,1714,1728,1738,1739,1740,1741,1742
DEN;340,1142,1679,1690,1705,1715,1729,1738,1743,1744,1745,1746,1747,1748,1749,1750,1751
DEO;341,1143,1393,1660,1691,1698,1706,1722,1730,1739,1743,1752,1753,1754,1755,1756,1757,1758,1759
DEP;342,1680,1716,1731,1744,1752,1760,1761
DER;343,1144,1394,1661,1681,1699,1707,1717,1723,1740,1745,1753,1762,1763,1764,1765,1766
DES;344,1145,1682,1692,1700,1708,1718,1724,1732,1741,1746,1754,1760,1762,1767,1768,1769,1770,1771,1772
DET;345,1146,1683,1693,1719,1733,1747,1755,1767,1773,1774
DEU;1147,1395,1662,1694,1701,1709,1725,1734,1748,1761,1763,1768,1773
DEV;346,1684,1720,1735,1749,1756,1764,1769
DEW;347,1685,1721,1736,1750,1757,1765,1770,1775
DEX;348,1686,1776
DEY;349,1148,1663,1687,1695,1702,1710,1726,1737,1742,1751,1758,1766,1771,1774,1775,1776
DEZ;350,1759,1772
DFI;1688,1777,1780,1781,1782
DFO;353,1691,1778,1781,1783,1784,1786,1787,1788,1789
DFU;1694,1779,1785,1788,1791
DGI;358,1696,1792,1793,1794,1795,1796
DGO;361,1698,1797,1798,1800,1801,1802,1803
DGU;364,1701,1796,1799,1804,1805
DHI;1396,1703,1806,1807,1808,1809
DHO;370,1706,1811,1812,1813,1814,1815,1816,1817,1818
DHU;373,1709,1810,1819,1820
DIK;374,1397,1712,1828,1829,1830,1831
DIL;375,1713,1792,1806,1828,1832,1833,1834,1835,1836,1837,1838,1839,1840
DIM;376,1714,1821,1833,1841,1842,1843,1844,1845
DIN;1150,1715,1780,1793,1807,1822,1826,1829,1834,1841,1846,1847,1848,1849,1850
DIP;377,1716,1843,1855,1856,1857
DIR;379,1151,1717,1794,1823,1827,1830,1836,1847,1851,1855,1859,1860,1861,1862
DIS;380,1152,1399,1718,1782,1795,1808,1831,1837,1844,1848,1856,1859,1863,1864,1865,1866,1867
DIT;381,1400,1719,1849,1852,1857,1860,1864,1868,1869,1870,1871
DIU;1153,1401,1796,1845,1858,1861,1865,1869
DIV;382,1720,1824,1838,1853,1866
DIY;384,1665,1840,1862,1867,1870,1872
DJU;1874,1875,1876
DLO;391,1154,1404,1730,1783,1797,1811,1835,1885,1887,1888,1889,1890,1891,1892,1893,1894,1895
DLU;395,1155,1734,1886,1893,1896,1897
DMO;1739,1842,1887,1898,1899,1900,1901,1902
DMU;402,1156,1845,1901,1903,1904,1905
DNO;404,1157,1405,1743,1784,1798,1812,1846,1877,1906,1907,1908,1909,1910,1911
DNU;409,1158,1748,1785,1799,1878,1909,1912,1914,1916,1918
DOO;1159,1406,1666,1786,1800,1813,1873,1880,1888,1898,1906,1920,1921,1922,1923
DOP;411,1752,1889,1907,1920,1924,1925,1926,1927,1928
DOR;412,1160,1407,1753,1787,1851,1881,1890,1899,1921,1924,1930,1931,1932,1933,1934,1935
DOS;413,1161,1408,1667,1754,1801,1814,1891,1900,1908,1922,1925,1931,1936,1937,1938,1939,1940,1941
DOT;414,1755,1815,1852,1892,1932,1937,1942,1943,1944
DOU;1162,1409,1788,1874,1882,1893,1901,1909,1926,1929,1933,1938,1942,1945
DOW;415,1668,1757,1789,1802,1816,1894,1910,1923,1927,1934,1939,1943
DOX;1854,1945,1946
DOY;1163,1758,1803,1817,1895,1902,1911,1928,1935,1940,1944,1946,1947
DOZ;1759,1818,1941,1947
DPU;1761,1903,1926,1948,1949
DRU;421,1164,1410,1669,1763,1804,1861,1904,1912,1933,1950,1951,1953,1954
DRY;423,1766,1790,1862,1913,1935,1952,1954
DSU;1165,1411,1670,1768,1791,1805,1819,1865,1875,1883,1896,1905,1914,1938,1948,1951,1955,1956,1957
DUW;1957,1959
DUX;1945
EEF;1166,1671,1962,1963,1964,1965,1966,1967,1968,1969
EEG;433,1672,1970,1971,1972,1973,1974,1975,1976,1977,1978,1979
EEJ;434,1675,1962,1986,1987,1988,1989,1990,1991
EEK;435,1676,1963,1971,1992,1993,1994,1995,1996,1997,1998,1999,2000
EEL;436,1168,1677,1964,1972,1980,1986,1993,2001,2002,2003,2004,2005,2006,2007,2008
EEM;1678,1965,1981,1994,2001,2009,2010,2011,2012,2013,2014,2015,2016,2017
EEN;1169,1679,1966,1973,1985,1995,2010,2018,2019,2020,2021,2022,2023,2024,2025
EEP;1170,1414,1680,1960,1975,1987,1996,2002,2019,2027,2028,2029,2030,2031
EER;1171,1415,1681,1967,1976,1982,1988,1997,2003,2011,2020,2028,2032,2033,2034,2035,2036
EES;437,1172,1416,1682,1968,1977,1989,1998,2004,2012,2021,2029,2032,2037,2038,2039,2040,2041,2042,2043
EET;1173,1417,1683,1969,1983,1990,1999,2005,2013,2022,2033,2038,2044,2045,2046,2047
EEV;438,1684,2006,2015,2023,2026,2030,2034,2039,2045,2048
EEW;439,1685,1961,1984,2000,2007,2016,2024,2031,2035,2040,2046,2049
EEY;1687,2008,2025,2036,2042,2047,2048
EEZ;1979,1991,2017,2043,2050
EFF;2051,2052,2053,2054,2055
EFG;2056,2057
EFH;1419,2058,2059,2060
EFI;1420,1688,2051,2061,2062,2063,2064,2065,2066,2067
EFK;440,1421,1963,2061,2068,2069,2070
EFL;441,1422,1689,1964,2056,2062,2071,2072,2073,2074,2075,2076,2077,2078,2079
EFM;442,1965,2053,2058,2080,2081,2082
EFN;443,1690,1966,2063,2083,2084,2085,2086,2087
EFO;1691,2072,2083,2088,2089
EFR;444,1967,2064,2068,2080,2084,2088,2090,2091,2092
EFS;445,1692,1968,2054,2057,2059,2065,2069,2074,2081,2085,2089,2090,2093,2094,2095,2096,2097
EFT;446,1693,1969,2055,2060,2075,2086,2091,2094,2098,2099
EFU;1694,2076,2082,2087,2095,2100
EFW;2067,2077,2096,2099
EFY;1423,1695,2070,2079,2092,2097
EFZ;448,2100
EGG;449,2101,2102,2103,2104
EGI;1174,1696,2107,2108,2109,2110,2111
EGK;1424,1971,2112
EGL;450,1425,1697,1972,2056,2101,2107,2113,2114,2115,2116,2117,2118
EGM;451,2119,2120,2121,2122
EGN;452,1973,2108,2113,2119,2123,2124,2125,2126,2127
EGO;1175,1698,1974,2114,2123,2128,2129,2130,2131,2132
EGP;453,1975,2105,2133
EGR;454,1176,1699,1976,2120,2124,2128,2134,2135,2136,2137,2138,2139
EGS;455,1177,1700,1977,2057,2102,2109,2112,2115,2121,2125,2129,2133,2134,2140,2141,2142
EGT;456,2103,2110,2116,2126,2130,2135,2141,2143,2144
EGU;457,1701,1978,2106,2117,2122,2127,2136,2142,2143
EGV;458,2111,2131,2145
EGY;460,1178,1702,2104,2118,2132,2139,2144,2145
EHH;1426,2146,2147
EHI;1703,2148,2149,2150,2151,2152
EHM;464,1429,1981,2058,2160,2166,2167,2168,2169,2170,2171
EHN;465,1705,2172,2173,2174,2175,2176,2177
EHO;1430,1706,2154,2161,2166,2172,2178,2179,2180,2181,2182,2183
EHP;466,1431,2105,2162,2167,2178,2184,2185,2186,2187
EHR;467,1180,1432,1707,1982,2150,2163,2168,2173,2179,2188,2189,2190,2191
EHS;468,1433,1708,2059,2146,2151,2155,2169,2174,2180,2184,2188,2192,2193,2194,2195,2196
EHT;469,1181,1434,1983,2060,2147,2156,2170,2175,2181,2185,2189,2193,2197,2198,2199
EHU;1709,2106,2153,2157,2164,2190,2194
EHW;471,1435,1984,2176,2183,2186,2195,2198,2200,2201
EHX;
EHY;472,1436,1710,2158,2165,2177,2187,2191,2196,2199,2201
EIK;474,1183,1712,2061,2148,2203,2204,2205,2206,2207,2208,2209,2210,2211,2212
EIL;475,1184,1438,1713,2062,2107,2149,2204,2213,2214,2215,2216,2217,2218,2219,2220,2221,2222
EIN;477,1185,1440,1715,1985,2063,2108,2206,2214,2224,2228,2229,2230,2231,2232,2233,2234,2235,2236,2237
EIP;1441,1716,2207,2215,2230,2240,2241,2242,2243,2244,2245,2246
EIR;1186,1442,1717,2064,2150,2208,2216,2225,2231,2241,2247,2248,2249,2250,2251
EIS;1187,1443,1718,2065,2109,2151,2209,2217,2226,2232,2242,2247,2252,2253,2254,2255,2256
EIT;1188,1444,1719,2110,2210,2218,2227,2233,2243,2248,2253,2257,2258,2259,2260,2261,2262,2263
EIV;478,1189,1445,1720,2066,2111,2152,2202,2211,2220,2234,2250,2254,2259,2264,2265
EJO;1193,2266,2270,2271,2272,2273
EJT;482,1990,2277,2279
EJU;1194,2153,2268,2274,2275,2279,2280,2281
EJW;2278
EKL;484,1993,2204,2283,2284,2285,2286,2287,2288,2289,2290
EKN;486,1449,1995,2206,2294,2295,2296,2297,2298,2299,2300,2301
EKO;1196,1450,1722,2154,2266,2284,2291,2294,2302,2303,2304,2305,2306,2307
EKP;487,1451,1996,2207,2285,2292,2295,2302,2308,2309,2310,2311,2312
EKR;488,1197,1452,1723,1997,2068,2208,2267,2293,2296,2303,2308,2313,2314,2315,2316
EKT;490,1999,2156,2210,2287,2298,2305,2310,2314,2317,2322
EKU;1199,1453,1725,2157,2268,2288,2299,2311,2318,2323
EKW;491,2000,2289,2300,2306,2319
EKX;
EKY;1200,1726,2070,2158,2212,2290,2301,2307,2312,2315,2320,2322,2323
EKZ;2316,2321
ELL;492,1201,1454,1727,2071,2159,2269,2283,2324,2325,2326,2327,2328,2329,2330
ELM;493,1455,1728,2001,2160,2213,2324,2331,2332,2333,2334,2335,2336,2337
ELO;495,1202,1456,1730,2072,2114,2161,2270,2284,2331,2338,2343,2344,2345,2346,2347,2348,2349
ELP;496,1203,1731,2002,2073,2162,2215,2285,2325,2344,2350,2351,2352,2353,2354,2355,2356
ELS;498,1204,1457,1732,2004,2074,2115,2217,2286,2326,2333,2339,2346,2351,2359,2360,2361,2362,2363,2364,2365
ELT;499,1205,1458,1733,2005,2075,2116,2218,2287,2327,2334,2340,2347,2352,2360,2366,2367,2368,2369
ELU;1206,1459,1734,2076,2117,2164,2219,2288,2335,2341,2353,2357,2361,2367,2370,2371
ELV;500,1735,2006,2220,2328,2348,2362,2372
ELW;501,1207,1460,1736,2007,2077,2221,2289,2329,2336,2349,2354,2363,2368,2373
ELX;502,2078,2222,2355,2370
ELY;503,1208,1737,2008,2079,2118,2165,2290,2330,2337,2342,2356,2358,2364,2369,2371,2372,2373
ELZ;504,2365,2374
EMM;505,2009,2223,2375,2376,2377
EMN;506,1738,2010,2119,2224,2378,2379,2380,2381
EMO;1209,1461,1739,2166,2291,2331,2375,2379,2382,2383,2384,2385,2386,2387,2388,2389
EMR;507,1210,1462,1740,2011,2080,2120,2168,2225,2293,2332,2383,2390,2393,2394,2395
EMS;508,1741,2012,2081,2121,2169,2226,2333,2376,2384,2393,2396,2397,2398,2399,2400
EMT;509,2013,2170,2227,2334,2380,2385,2391,2394,2397,2401
EMU;2014,2082,2122,2335,2381,2386,2395,2398,2401
EMW;510,1211,2016,2336,2388,2399
ENO;514,1212,1464,1743,2083,2123,2172,2229,2271,2294,2338,2379,2404,2405,2406,2407,2408,2409,2410,2411,2412
ENP;515,1744,2019,2230,2295,2405,2413,2414,2415,2416
ENR;516,1213,1745,2020,2084,2124,2173,2231,2296,2406,2413,2417,2418,2419,2420,2421
ENS;517,1214,1465,1746,2021,2085,2125,2174,2232,2297,2339,2407,2414,2417,2422,2423,2424,2425,2426
ENT;518,1215,1466,1747,2022,2086,2126,2175,2233,2298,2340,2380,2408,2415,2418,2423,2427,2428,2429,2430,2431,2432
ENW;521,1217,1750,2024,2176,2235,2300,2410,2420,2424,2430
ENY;522,1751,2025,2177,2301,2342,2416,2421,2425,2432,2433
ENZ;523,2237,2412,2426
EOP;1219,1468,1752,2178,2302,2344,2382,2405,2436,2437,2438,2439,2440
EOR;524,1220,1469,1753,2088,2128,2179,2303,2345,2383,2406,2437,2441,2442,2443,2444,2445,2446,2447,2448,2449
EOS;1221,1470,1754,2089,2129,2180,2272,2304,2346,2384,2407,2434,2438,2442,2450,2451,2452,2453,2454,2455
EOT;525,1222,1471,1755,2130,2181,2305,2347,2385,2408,2439,2443,2451,2456,2457,2458,2459
EOV;1472,1756,2026,2131,2182,2348,2387,2409,2445,2452,2457,2460
EOW;1757,2183,2239,2306,2349,2388,2410,2446,2453,2460,2461
EOX;2411,2440,2447,2454
EOY;1223,1758,2132,2273,2307,2448,2455,2458,2461,2462
EPP;527,2027,2240,2436,2463,2464
EPR;528,1474,2028,2241,2308,2350,2390,2413,2437,2463,2466,2467,2468,2469,2470,2471,2472
EPS;529,1475,1760,2029,2133,2184,2242,2309,2351,2414,2438,2464,2466,2473,2474,2475,2476,2477,2478
EPT;530,2185,2243,2310,2352,2391,2415,2439,2467,2474,2479,2480
EPW;2031,2186,2244,2354,2476,2479
EPY;2187,2245,2312,2356,2392,2416,2471,2477,2480
EPZ;2246,2472,2478
ERR;533,1225,2441,2482,2483
ERS;534,1226,1477,1762,2032,2090,2134,2188,2247,2313,2393,2417,2442,2466,2482,2484,2485,2486,2487,2488,2489
ERT;535,1478,2033,2091,2135,2189,2248,2314,2394,2418,2443,2467,2485,2490,2491,2492,2493,2494,2495
ERU;536,1227,1479,1763,2136,2190,2249,2275,2357,2395,2419,2444,2468,2483,2486,2491,2496
ERV;537,1228,1764,2034,2250,2445,2469,2487,2492,2496,2497
ERW;538,1229,1480,1765,2035,2137,2251,2420,2446,2488,2493
ERX;2138,2447,2470
ERY;539,1230,1766,2036,2092,2139,2191,2315,2358,2421,2448,2471,2489,2494,2497,2498
ERZ;540,2316,2449,2472,2495
ESS;541,1481,2037,2093,2140,2192,2252,2276,2359,2396,2422,2450,2473,2484,2499,2500,2501,2502,2503,2504
EST;542,1231,1482,1767,2038,2094,2141,2193,2253,2277,2317,2360,2397,2423,2451,2474,2485,2500,2505,2506,2507,2508,2509,2510,2511
ESU;543,1483,1768,2095,2142,2194,2318,2361,2398,2475,2486,2501,2506,2512
ESV;544,1769,2039,2254,2362,2452,2487,2502,2507
ESW;545,1232,1770,2040,2096,2195,2255,2278,2319,2363,2399,2424,2453,2476,2488,2503,2508,2513
ESX;546,2041,2454,2509,2514
ESY;547,1233,1484,1771,2042,2097,2196,2320,2364,2400,2425,2455,2477,2489,2504,2510,2512,2513,2514
ESZ;548,1772,2043,2256,2321,2365,2426,2478,2511
ETT;549,2044,2098,2197,2257,2366,2427,2456,2490,2505,2515,2516
ETU;1234,1485,1773,2143,2258,2279,2367,2401,2428,2491,2506
ETV;2045,2259,2429,2457,2492,2507,2517
ETW;550,2046,2099,2198,2260,2368,2430,2479,2493,2508,2518
ETX;2261,2431,2509,2515,2517
ETY;551,1235,1486,1774,2047,2144,2199,2262,2322,2369,2432,2458,2480,2494,2510,2516,2518
EUY;2323,2371,2481,2512
EVX;2517
EWX;2049
EWY;1775,2201,2373,2461,2513,2518
EXY;1776,2514
EXZ;
EYZ;2402,2462
FFI;1238,1777,2051,2523,2524,2525,2526,2527,2528,2529,2530,2531,2532
FFO;561,1239,1487,1778,2520,2533,2537,2538,2539
FGI;2544,2545,2546,2547
FGO;567,2520,2544,2548,2551,2552,2553,2554,2555
FGU;2521,2549,2550,2556,2557,2558
FHO;2562,2563,2564,2565
FIK;575,2061,2525,2568,2569,2570,2571,2572,2573
FIL;576,1489,2062,2568,2574,2575,2576,2577,2578,2579,2580,2581
FIN;577,1780,2063,2527,2566,2569,2583,2584,2585
FIR;578,1241,2064,2528,2545,2570,2578,2582,2584,2589,2590,2591
FIS;1242,1491,1782,2065,2546,2560,2571,2579,2585,2587,2589,2592
FIT;579,2529,2547,2580,2586,2590,2592,2593,2594
FIX;581,2581,2594
FIZ;2532,2591,2595
FLU;594,1244,2076,2534,2549,2601,2606,2609,2610,2611
FLY;597,2079
FMU;1245,2082,2535,2561,2614,2615
FNO;600,1495,1784,2083,2562,2583,2616,2617
FNU;602,1785,2087,2536,2550,2597,2618
FOO;1496,1786,2551,2563,2602,2612,2619,2620,2621,2622,2623,2624
FOP;2603,2619,2625,2626,2627
FOR;604,1246,1497,1787,2088,2552,2598,2604,2613,2620,2625,2628,2629,2630,2631
FOT;1498,2538,2586,2605,2617,2622,2629,2633,2637,2638
FOU;1248,1788,2564,2606,2627,2630,2634,2638
FOW;1789,2554,2565,2607,2623,2631,2635,2639
FOX;2608,2640
FOY;606,1249,2539,2555,2624,2636,2640,2641
FRU;611,1499,2542,2556,2609,2630,2642,2643,2644,2645,2646
FRY;612,1790,2092,2645
GGI;623,1251,2654,2655,2656,2657
GHI;2665,2667,2668,2669,2670
GHO;1501,2653,2666,2671,2673,2674,2675
GHU;635,1502,2106,2672,2676,2677,2678,2679,2680
GIJ;2681,2682
GIL;636,1252,1792,2107,2684,2685,2686,2687,2688,2689,2690
GIM;637,2654,2685,2691,2692,2693,2694
GIN;638,1253,1793,2108,2655,2667,2683,2686,2691,2695,2696,2697,2698,2699,2700,2701,2702
GIO;639,1254,2544,2681,2696,2703,2704,2705
GIP;2692,2697,2706,2707
GIR;640,1255,1794,2545,2656,2687,2693,2698,2703,2706,2708,2709,2710,2711,2712
GIS;1256,1503,1795,2109,2546,2657,2668,2682,2688,2694,2699,2704,2707,2709,2713,2714,2715,2716,2717
GIT;641,2110,2547,2669,2689,2700,2710,2714,2718
GIV;642,2111,2715
GIW;2670,2701,2716,2718
GIZ;2702,2712,2717,2719
GJO;644,2681,2720,2721
GJU;646,2722
GLO;655,1257,1505,1797,2114,2548,2732,2734,2736,2737,2738,2739,2740,2741
GLU;657,2117,2549,2658,2690,2731,2733,2735,2742,2744,2745,2746,2747
GMO;660,2732,2748,2750,2751
GMU;664,2122,2659,2733,2749,2752,2754,2755
GMY;665,2753,2756
GNO;667,1258,1798,2123,2660,2671,2696,2720,2723,2734,2748,2757,2758,2759,2760,2761,2762,2763,2764
GNU;672,1259,1799,2127,2550,2661,2672,2724,2735,2749,2765,2766,2767,2768
GOO;1260,1800,2551,2662,2725,2736,2758,2770,2771,2772
GOR;677,1261,1506,2128,2552,2663,2703,2726,2750,2760,2771,2773,2776,2777,2778,2779
GOS;678,1262,1507,1801,2129,2553,2673,2704,2721,2727,2738,2751,2761,2772,2776,2780,2781,2782,2783,2784,2785
GOT;679,2130,2674,2762,2777,2781,2786
GOV;2131,2739,2783
GOW;1802,2554,2729,2740,2763,2778,2784
GOX;
GOY;680,1263,1803,2132,2555,2675,2705,2741,2764,2775,2779,2785
GPU;682,2676,2742,2752,2765,2774,2787
GPY;684,2753,2775,2788
GRR;2708,2743
GRU;688,1264,1804,2136,2556,2744,2754,2766,2789,2790,2791
GSU;693,1265,1508,1805,2142,2557,2677,2722,2730,2745,2755,2767,2782,2787,2789,2792,2793,2795,2796
GTU;2143,2678,2746,2768,2786,2790,2793
GTY;2144,2794
GUV;2664,2679,2795
GUY;698,2680,2747,2796
HHO;700,2666,2800,2801
HHS;701,2146,2797,2798,2801,2802
HHU;2799,2802,2803
HIK;704,1509,2148,2807,2808,2809
HIM;706,1511,2805,2812,2813
HIN;707,1512,1807,2667,2814,2815,2816
HIO;708,2806,2807,2817,2818,2819,2820
HIP;1513,2821,2822,2823,2824
HIS;710,1266,1515,1808,2151,2560,2668,2798,2808,2812,2814,2818,2821,2825,2828,2829,2830,2831,2832
HIT;1516,2669,2809,2811,2815,2819,2822,2826,2829,2833
HIU;711,1517,2830
HMM;2859
HMO;731,1525,2166,2849,2861,2862,2863,2864,2865,2866
HMU;735,1526,2561,2867,2868
HNO;737,1527,1812,2172,2562,2671,2836,2840,2870,2871,2872,2873,2874
HNT;740,2175,2815,2874,2876
HNU;741,2672,2799,2841,2875,2876
HOO;1268,1528,1813,2563,2842,2850,2861,2870,2877,2878,2879,2880
HOP;744,1529,2178,2800,2843,2851,2871,2877,2881,2882,2883,2884,2885,2886
HOR;745,1530,2179,2817,2844,2862,2872,2878,2887,2888,2889
HOS;746,1269,1531,1814,2180,2673,2801,2818,2837,2852,2863,2873,2879,2882,2887,2890,2891,2892,2893,2894,2895
HOT;747,1270,1532,1815,2181,2674,2819,2853,2864,2874,2880,2883,2888,2891,2896,2897
HOW;748,1534,1816,2183,2565,2820,2845,2854,2865,2885,2893,2897,2898
HOX;749
HOY;750,1817,2675,2855,2866,2886,2894
HOZ;1818,2895
HPT;753,2185,2822,2883,2902
HPU;754,2676,2867,2884,2899,2900,2902,2903
HPY;2187,2886,2901
HRY;2191
HSY;761,2196,2894,2901,2908
HTU;763,1273,1537,1820,2678,2876,2896,2902,2905,2907
HTY;2199,2869
HWY;1539,2201,2858,2908
IIW;2911,2914,2925
IJN;1826,2928,2934,2935,2936,2937
IJZ;2941
IKL;773,1276,1541,1828,2204,2568,2942,2945,2946,2947,2948,2949,2950,2951,2952
IKN;775,1277,1543,1829,2206,2569,2683,2928,2943,2947,2953,2957,2958,2959,2960,2961,2962,2963
IKO;2807,2929,2948,2954,2957,2964
IKP;776,1544,2207,2909,2949,2958,2965,2966
IKR;777,1278,1545,1830,2208,2570,2944,2950,2955,2959,2967,2968,2969
IKS;778,1279,1546,1831,2209,2571,2808,2951,2956,2960,2964,2966,2967,2970,2971
IKT;779,1547,2210,2809,2910,2952,2961,2971,2972
ILL;1281,1550,1832,2574,2684,2810,2930,2945,2973,2974,2975,2976,2977,2978,2979,2980,2981,2982,2983,2984
ILM;783,1282,1833,2213,2575,2685,2946,2974,2985,2986,2987,2988,2989,2990,2991
ILN;784,1283,1834,2214,2686,2947,2975,2985,2992,2993,2994,2995,2996,2997
ILO;1284,1551,1835,2576,2948,2976,2986,2993,2998,2999,3000,3001,3002,3003,3004
ILP;785,1285,1552,2215,2577,2912,2949,2977,2987,2999,3005,3006,3007,3008
ILS;787,1287,1837,2217,2579,2688,2951,2979,2988,2995,3001,3006,3011,3012
ILT;788,1288,1554,2218,2580,2689,2811,2931,2952,2980,2989,2996,3002,3009,3011,3013,3014,3015
IMM;793,2223,3017,3018
IMN;794,1289,1841,2224,2691,2915,2953,2985,3019,3020,3021,3022,3023,3024
IMO;795,1555,1842,2954,2986,3017,3019,3025,3026,3027,3028,3029
IMP;796,1843,2692,2916,2932,2987,3030,3031,3032,3033,3034
IMR;797,1290,1556,2225,2582,2693,2917,2955,3026,3031,3036,3037,3038,3039,3040
IMS;798,1291,1557,1844,2226,2694,2812,2918,2933,2956,2988,3020,3027,3032,3036,3041,3042,3043,3044,3045
IMV;3039,3044
IMX;799,3023,3029,3048,3050
IMZ;1292,3051
INN;800,2228,2695,2934,2992,3052,3053,3054
INO;801,1558,1846,2229,2583,2696,2935,2957,2993,3019,3052,3055,3056,3057,3058,3059,3060,3061
INP;802,2230,2697,2958,3055,3062,3063,3064,3065
INQ;1559,3066,3067
INR;803,1293,1847,2231,2584,2698,2959,2994,3056,3062,3068,3069,3070
INS;804,1294,1848,2232,2585,2699,2814,2919,2936,2960,2995,3020,3053,3057,3063,3066,3068,3071,3072,3073,3074,3075,3076,3077
INT;805,1295,1849,2233,2700,2815,2920,2961,2996,3021,3058,3064,3069,3072,3078,3079,3080,3081,3082
INU;806,1560,3022,3067,3070,3073,3079
INV;807,2234,3059,3074,3080,3083
INW;808,1850,2235,2701,2816,2962,3054,3060,3075,3081,3084
INX;2236,2937,3023,3085
INY;809,1296,2963,2997,3024,3061,3065,3076,3082,3083,3084,3085
INZ;810,1561,2237,2702,3077
IOP;2999,3055,3086,3087,3088,3089
IOS;1298,2704,2818,2939,2964,3001,3027,3057,3086,3090,3094
IPP;812,2240,2921,2965,3030,3097,3098,3099
IPR;813,1566,1855,2241,2706,3005,3031,3062,3097,3101,3102,3103
IPS;814,1567,1856,2242,2587,2707,2821,2966,3006,3032,3063,3086,3098,3101,3104,3105,3106,3107,3108,3109
IPT;815,1857,2243,2822,2922,3064,3087,3102,3105,3110,3111,3112
IPU;2588,3007,3033,3100,3103,3111
IPX;3113
IPY;1568,2245,3008,3065,3089,3099,3108,3112,3113
IPZ;2246,2824,3109
IQS;3066
IRS;817,1301,1569,1859,2247,2589,2709,2825,2923,2967,3036,3068,3090,3101,3118,3119
IRT;818,1302,1570,1860,2248,2590,2710,2826,3009,3037,3069,3091,3102,3116,3119,3120,3121,3122
IRZ;822,2591,2712,3093,3122
ISS;823,1303,1573,1863,2252,2713,2828,2970,3041,3071,3094,3104,3118,3124,3125,3126
IST;824,1304,1574,1864,2253,2592,2714,2829,2924,2971,3011,3042,3072,3105,3119,3125,3127,3128,3129,3130
ISU;1865,2830,3043,3073,3128
ISV;825,1305,1866,2254,2715,2831,3044,3074,3106
ISW;826,2255,2716,2832,2925,3045,3075,3107,3126,3129,3131,3132
ISX;827
ITT;828,1306,1868,2257,2593,2926,3013,3046,3078,3095,3110,3120,3127,3134
ITU;829,1575,1869,2258,2972,3014,3047,3079,3111,3114,3128
ITW;831,2260,2718,2833,3015,3081,3121,3129,3134
ITX;832,2261,2594,3048
ITZ;833,1871,2263,2927,3122,3130,3136
IVY;2940,3083,3135,3137
IWZ;2834,3132
IZZ;2595,2719,2835,2941,3051,3136,3138
JLO;2270,3145,3146,3147,3148
JNU;3140
JOR;2938,3152,3153
JOT;842,3147,3155
JOW;3148,3157
JOY;2273,3143,3158
JSU;1875,2722,3156,3160
JTU;2279,3160
KNO;870,1309,1584,1877,2294,2723,2840,2957,3161,3174,3179,3180,3181,3182,3183,3184,3185
KOP;878,1586,2302,2843,3166,3180,3190,3194,3195,3196,3197
KOR;879,1312,1587,1881,2303,2598,2726,2844,3181,3191,3194,3198,3199,3200,3201
KOS;880,1313,1588,2304,2727,2964,3167,3176,3182,3192,3195,3198,3202,3203,3204,3205
KOU;1314,1882,2728,3142,3168,3196,3199,3203,3206,3207,3208
KOW;1590,2306,2729,2845,3184,3200,3204
KOY;882,1315,1591,2307,3143,3170,3197,3201,3205,3207
KST;894,2317,2971,3215,3217
KSU;895,1317,1594,1883,2318,2599,2730,2847,3173,3178,3188,3203,3211,3216,3217,3218
KSY;898,2320,2600,3205,3212,3218
KUY;1596,2323,3207,3210,3218,3221
LMO;911,1887,2331,2732,2849,2986,3224,3236,3237,3238,3239
LMU;916,1599,2335,2733,2990,3225,3240,3241,3242
LMY;917,2337,2991,3239,3243
LNU;922,2341,2735,3164,3227,3246,3249,3250,3251,3252,3253
LOO;925,1320,1601,1888,2343,2602,2736,2850,2998,3165,3236,3244,3255,3256,3257,3258,3259
LOP;926,1602,1889,2344,2603,2737,2851,2999,3166,3228,3255,3260,3261,3262,3263,3264,3265
LOR;927,1890,2345,2604,3000,3229,3245,3256,3266,3267,3268
LOS;928,1321,1603,1891,2346,2738,2852,3001,3146,3167,3237,3257,3261,3269,3270,3271,3272,3273,3274,3275
LOT;929,1322,1604,1892,2347,2605,2853,3002,3147,3230,3238,3258,3262,3266,3270,3276,3277,3278,3279
LOU;1605,1893,2606,3168,3246,3263,3267,3271,3277
LOV;930,2348,2739,3003,3169,3272,3278
LOW;931,1323,1606,1894,2349,2607,2740,2854,3148,3247,3259,3264,3273,3279,3280
LOX;2608
LOY;1607,1895,2741,2855,3004,3170,3239,3248,3265,3268,3274,3280
LOZ;932,3231,3275
LPU;936,2353,2742,3007,3171,3232,3240,3263,3281,3282,3283,3284,3285
LPY;938,2356,3008,3265,3285
LRU;1324,1608,2357,2609,2744,2856,3172,3241,3249,3267,3282,3286,3287
LSY;946,2364,3012,3243,3274
LUU;949,3233,3284,3289,3292
LUV;950,3252,3290
LUX;2370,2611
LUZ;3235,3291,3292
LVY;2372
MMM;2859,3293
MMO;955,1611,2375,3017,3294
MMU;958,3293,3295,3296,3297
MNO;959,2379,2748,3019,3174,3298,3299,3300,3301,3302,3303
MNU;961,1327,2381,2749,3022,3301,3304,3305
MNY;963,2860,3024,3303
MOO;1328,1612,1898,2612,2861,3025,3149,3175,3236,3298,3306,3307,3308,3309,3310,3311
MOP;1613,2382,3306,3312,3313,3314,3315,3316
MOR;964,1329,1614,1899,2383,2613,2750,2862,3026,3299,3307,3313,3317,3318,3319,3320
MOS;965,1330,1615,1900,2384,2751,2863,3027,3176,3237,3294,3300,3308,3314,3317,3321,3322,3323,3324,3325,3326
MOT;966,1331,2385,2864,3028,3238,3309,3318,3322,3327,3328
MOU;967,1332,1901,2386,3301,3315,3319,3323,3328,3329
MOV;2387,3310,3324,3329
MOW;968,1333,2388,2865,3302,3320,3325
MOY;970,1334,1902,2866,3239,3303,3316,3326,3330
MOZ;2389,3311,3331
MPU;974,1335,1903,2752,2867,3033,3150,3240,3295,3315,3332,3333,3334,3335,3337
MRU;978,1904,2395,2754,3038,3177,3241,3319,3333,3338,3339,3340
MSU;983,1336,1616,1905,2398,2614,2755,2868,3043,3178,3242,3296,3304,3323,3334,3339,3341,3342,3343,3344,3345,3346
MTU;987,2401,3047,3305,3328,3335,3340,3342,3347
MUU;3297,3343
MUV;3329,3344
MUX;
MUY;2615,3337,3346
NNO;990,1619,2404,2757,3052,3349,3350,3351
NNU;1337,3350,3352
NOO;1338,1620,1906,2758,2870,3179,3244,3298,3349,3354,3355,3356,3357,3358,3359
NOR;992,1339,1621,2406,2760,2872,3056,3181,3245,3299,3355,3360,3366,3367,3368,3369,3370
NOS;993,1340,1622,1908,2407,2616,2761,2873,3057,3182,3300,3356,3361,3366,3371,3372,3373,3374,3375
NOT;994,2408,2617,2762,2874,3058,3183,3357,3362,3367,3372,3376,3377,3378,3379
NOW;996,1910,2410,2763,3060,3184,3247,3302,3351,3358,3364,3369,3374,3378,3380
NOX;997,2411,3381
NOY;1342,1624,1911,2764,3061,3248,3303,3365,3375,3379,3380,3381
NPU;1001,2765,3186,3363,3382,3384,3385
NPW;1002,3364,3383
NRU;1005,1343,1625,1912,2419,2766,3070,3187,3249,3368,3386,3387,3388
NSU;1010,1344,1914,2618,2767,2875,3073,3188,3250,3304,3352,3373,3382,3387,3389,3390
NSY;1013,1626,1915,2425,3076,3375,3391
NTU;1014,1345,1627,1916,2428,2768,2876,3079,3189,3251,3305,3377,3384,3388,3390,3392
NWY;1020,1919,3084,3353,3380,3391
OOP;1628,1920,2619,2770,2877,3190,3255,3306,3354,3394,3395,3396,3397,3398
OOR;1346,1921,2620,2771,2878,3191,3256,3307,3355,3395,3399,3400,3401
OOS;1347,1629,1922,2434,2621,2772,2879,3192,3257,3308,3356,3396,3399,3402,3403,3404,3405
OOT;1348,1630,2622,2880,3193,3258,3309,3357,3397,3400,3402,3406,3407,3408,3409
OOW;1923,2623,3259,3358,3403,3407
OOX;
OOZ;1350,2435,3311,3359,3401,3405,3409,3410,3411
OPP;2436,3260,3312,3394,3412,3413
OPR;1022,1351,1631,1924,2437,2625,2773,3194,3313,3360,3395,3412,3415,3416,3417,3418,3419
OPS;1023,1352,1632,1925,2438,2626,2882,3086,3195,3261,3314,3361,3396,3413,3415,3420,3421,3422,3423,3424
OPT;1024,2439,2883,3087,3262,3362,3397,3416,3421,3425,3426,3427
OPU;1025,1633,1926,2627,2774,2884,3196,3263,3315,3363,3414,3417,3422,3426
OPW;1634,1927,2885,3264,3364,3418,3423
OPX;2440,3428
OPZ;3429
ORS;1027,1353,1636,1931,2442,2628,2776,2887,3090,3152,3198,3317,3366,3399,3415,3432,3433,3434,3435,3436
ORT;1028,1354,1637,1932,2443,2629,2777,2888,3091,3266,3318,3367,3400,3416,3430,3432,3437,3438,3439,3440,3441
ORU;1029,1638,1933,2444,2630,2889,3153,3199,3267,3319,3368,3417,3433,3438,3442,3443,3444
ORV;1030,2445,3092,3434,3439,3442,3445
ORW;1031,1355,1639,1934,2446,2631,2778,3200,3320,3369,3418,3435,3440,3445
OSS;1033,1357,1641,1936,2450,2632,2780,2890,3094,3154,3202,3269,3321,3371,3420,3447,3448,3449,3450,3451,3452
OST;1034,1358,1642,1937,2451,2633,2781,2891,3155,3270,3322,3372,3402,3421,3432,3448,3453,3454,3455,3456
OSU;1938,2634,2782,2892,3156,3203,3271,3323,3373,3422,3433,3449,3454,3457
OSV;1035,1359,2452,2783,3272,3324,3434,3450,3458
OSW;1360,1643,1939,2453,2635,2784,2893,3157,3204,3273,3325,3374,3403,3423,3435,3451,3455,3458,3459,3460
OSX;2454
OSY;1036,1361,1644,1940,2455,2636,2785,2894,3158,3205,3274,3326,3375,3404,3424,3436,3452,3456,3457,3460
OSZ;1941,2895,3275,3405
OTT;1362,1645,2456,2637,3095,3276,3327,3376,3406,3425,3437,3453,3461,3462
OTU;1037,1363,1942,2638,2786,2896,3206,3277,3328,3377,3426,3438,3454,3461
OTW;1943,2897,3279,3378,3407,3440,3455,3462,3463
OTY;1038,1364,1944,2458,3379,3408,3427,3441,3456,3463
OUY;1365,3207,3444,3457
OVW;1039,2460,3445,3458
OVX;
OWW;2639,2898,3459
OWX;
OWY;1646,2461,3280,3380,3460,3463
OXY;1367,1647,1946,2640,3330,3381,3428,3446
PPU;1042,3281,3332,3464,3466
PRU;1047,1368,2468,2899,3103,3282,3333,3417,3467,3468
PRY;1049,2471,3419,3469,3470
PST;1051,2474,3105,3421,3471,3473
PSU;1052,1369,1649,1948,2475,2787,2900,3283,3334,3382,3422,3464,3468,3472,3473,3474
PSY;1055,2477,2788,2901,3108,3424,3469,3474
PTU;1057,2902,3111,3335,3384,3426,3473,3475,3476
PTW;2479
PUY;1059,1370,3210,3285,3337,3385,3474
PXY;3113,3428
QSU;3478
RSU;1068,1373,1651,1951,2486,2643,2789,2904,3211,3286,3339,3387,3433,3468,3481,3482,3483
RTU;1073,1374,1653,1953,2491,2644,2790,2905,3213,3340,3388,3438,3479,3481,3484
RTY;1075,2494,3441,3470,3484
RUY;1376,1954,2645,3159,3287,3444,3483,3484
RWY;1080,3123
SSU;1377,1655,1955,2501,2647,2792,2906,3216,3341,3389,3449,3472,3478,3485,3486,3487
STU;1089,1378,1656,1956,2506,2648,2793,2907,3128,3160,3217,3288,3342,3390,3454,3473,3481,3488,3489
STY;1092,1657,2510,2794,3456,3490
SUW;1957,3345,3487
SUY;1094,1379,2512,2796,3218,3346,3457,3474,3483
SWY;1098,2513,2908,3131,3391,3460
TTU;1101,1380,2649,3347,3461,3475,3488,3492
TUU;3219,3489,3492
TUX;
UWZ;
UZZ;1381,2652,3348,3494
ZZZ;3138,3491
