AAB;34,352,422,425,577,588,629
AAC;72,778,924
AAF;422,1496
AAG;422,778,1581,1974,2039
AAH;30,56,72
AAI;34,532,577,1596,1645,1653,1665,1858,2057,2079,2166,2169,2178,2205,2250,2255,2257,2266,2325,2332
AAK;588,778,1974
AAL;72
AAM;105
AAN;661,706
AAS;1450
AAU;339,422,450,826,968,1756,2000
AAV;1150
AAW;482,1527,1588,1748,2008,2265,2564
ABB;2598,2607,2609,2634,2687,2690,2693
ABC;2887,2911,2966,2970
ABD;
ABE;425
ABF;422,2881,3014,3390
ABG;422,425,2698,3286,3791,3910
ABH;534
ABJ;3838
ABK;352
ABL;
ABM;3197,3232
ABN;
ABO;3460
ABP;327,331,337,596,3877,3890,4119
ABR;
ABS;
ABT;20
ABW;20,2820,3286
ABY;
ACD;66
ACE;
ACF;4319,4689
ACG;5675,5730
ACH;56
ACL;
ACM;
ACN;4228
ACO;4910
ACP;
ACR;
ACS;
ACT;5675
ACV;5731
ACW;4779
ACY;4936
ACZ;738,1109,1111,4982,5151,5246,5247,5266,5477,5518,5935
ADD;6489
ADE;
ADF;4223,4690
ADG;
ADH;108,3192,6491
ADI;
ADK;3234
ADL;
ADM;105,4457,4768
ADN;
ADO;8004
ADP;1385,1401
ADR;
ADS;
ADT;
ADW;
ADY;3234
ADZ;3267,4780,4790,7951
AEF;422,8574
AEG;
AEH;
AEK;
AEL;
AEM;
AEN;
AEP;9686
AER;
AES;
AET;
AEU;819,4258,4288,6437,6740,6742,7014,8698,8739,9875,9883
AEV;
AEW;882
AEX;3405,3463,4264,8549
AEY;
AEZ;5266
AFF;143,1493,1496,8025
AFG;422,1499,4917,8033,8589
AFH;5596,6349
AFK;317
AFL;
AFN;
AFO;2884
AFP;4319,4917,7504,8553,8745,10678,10701,10718,10720
AFR;
AFS;
AFT;
AFU;422,6749,8739
AFW;8739
AFX;3405
AFY;4936,5610,10694
AGG;
AGH;6359
AGJ;2689,3837,4988,5676,11090,11097
AGK;778,801,1465,4988,8011,8094,8871,8872,8987
AGL;
AGM;
AGN;
AGO;2698
AGP;11063
AGR;
AGS;
AGT;11371
AGU;2698
AGV;
AGW;3898,10960,11044,11427,11462
AGY;
AGZ;7586
AHH;2896,4325,4445,5016,5017,11474,11477,11487
AHI;149,2079,8174,9253,9269,11638
AHJ;184,4335,9270,11019
AHL;
AHM;
AHN;
AHO;
AHP;149
AHR;
AHS;
AHT;6491,7623
AHW;10960
AHY;
AIJ;548,1338,1887,2173,2178,3837,4716,5935,6600,7026,9482,10880,10897,11090,11097
AIK;
AIL;
AIM;
AIN;
AIP;577,11613
AIR;
AIS;
AIT;
AIV;1028,2938
AIW;180,3518,5162,5944,10960,11869
AJK;184,2343
AJM;80,121,1042,1215,1338,2174,2344,2347,5286,7026,9467,9878,9886,11090
AJP;
AJR;5299,7026,9893
AJT;920,1045,4716,5766,6106,7623
AJW;184,763,1869,2343,3593,6100,7875,9270
AJY;548,2178,2343,3203,3587,6405,12253,12254,12258
AKK;
AKM;11647,12250,12251
AKO;4424,7883
AKP;
AKR;
AKS;
AKT;
AKU;
AKW;
AKY;6626,10694
ALL;6520
ALM;
ALP;
ALR;
ALS;
ALT;
ALU;
ALV;
ALW;
ALX;
ALY;
AMM;
AMN;
AMO;105,1416
AMP;8405,12498
AMR;
AMS;
AMT;
AMU;2677
AMW;11784
AMX;
AMY;
ANN;
ANP;
ANR;
ANS;
ANT;
ANV;
ANW;
ANY;
AOP;9686
AOR;
AOT;
AOV;774,1028,1122,4674,8004
AOZ;266,3994,4780,4790,6136,12112,12548,12620,12621
APP;
APR;
APS;
APT;
APV;1028,2063,2461,6077,11936,12020,12227,12405
APW;
APX;99,209,577,1032,1053,1371,1445,4177,7714,11613,11735,11759,11995,12198,12422,12638
APY;7714,11613,12230
APZ;266,1370,2079,3569,8940,9253,11274,12083,12429
AQT;6517,11894
AQU;4416,10487,12445,12446
ARS;
ART;
ARV;
ARW;
ARX;53,99,209,1032,1445,1993,2142,2213,3581,3726,3777,8443,8549,8669,11192,11729,12307,12545
ARY;
ASS;
AST;
ASU;4416
ASV;
ASW;
ASX;53,2908,2981,4177,11759,12638
ASY;
ASZ;2363,2496,3927,4073,4176,4198,5836,10772,11677,11712,12620
ATT;1898
ATU;
ATV;
ATW;
ATX;12422,12621,12638
ATY;1,4723,6491,7719,11835
AUV;2938,8004,10941
AUY;2366,2572,2676,3587,4092,10694,10793,10811,12457,12656
AVV;1156,12656
AVW;
AVX;1993,2316,4866,8004,9566,10150,10505,11771
AWW;7841,7997,11328,11638,12306,12307,12545,12586,12592
AWX;482,1053,1451,4008,7997,9510,9987,11192,12307,12545
AWY;3518,10960
AWZ;9225,11251
AXZ;9746,10130,12621
AYY;3242,4714,5837,6149,7658,7750,7806,11667,11707,11738,12317,12344,12354,12412,12456,12554,12570,12678
BBE;12702,12796,12817,12883,12892
BBI;2607,2609,2634,2639,2687,2690,2693,2694,2695,2708,12697,12718,12720,12769,12776,12896,12898,12900,12902,12905,12906,12907,12911,12917,12918,12920,12935,12943
BBO;12696,12728,12883
BBU;12718,12817,12898,12902,12917,12920,12943
BCO;345,13026,13029,13243,13245,13246
BCU;339,348,2938,13245,13247
BDE;
BDI;
BDO;
BDU;
BEE;3271,13783
BEG;278,422,425,3286
BEK;
BEL;
BEN;
BEO;
BER;
BES;
BET;
BEW;362,2820,2847,3286,3518,13075,14260
BEY;
BEZ;13683,14441
BFI;2881,2882,2883,2884,3390,3788,12896,12897,12898,13038,13690,13886,13893,13896,14480,14488,14493,14495
BFO;2884,3791,12897,13311,13374,13917,14480
BFU;422,3277,3390,12898,13699
BGI;14631
BGO;2890,3910
BGU;422,2698,3883,3910,12909,13568,13581,14573,14631
BHO;3194,3922,3942,12903,13172,13173,13408,13738,14030,14042,14043,14530,14663
BHU;12933,14692
BIJ;548,2919,3837,3838,3984
BIL;12985,13560
BIM;13561,13940
BIN;12720,12986,14655
BIO;12720,13172,13173,13731,14777
BIR;
BIS;
BIT;12943,14520
BIZ;3836,3853,3868,3876,3994,3996,4018,4033,4058,12943,14604,14608,14627,14631,14682,14765
BJO;3838,12940,12954,14824
BKO;14703
BLO;14847
BMO;
BMU;339,2677,4036,13219,14692
BNO;
BNU;14710
BOO;
BOP;327,3877,3890,4021,4129,13644,14605,14747
BOR;
BOS;
BOT;
BOW;2753,3259,3904,12933,13029,13294,13584,13618,13643,13648,14646,14693,14830
BOX;2643,2842,2908,3252,4177,12965,12988,13223,13229,13636,14043,14262,14484,14510,14857,14858,14874,14893,14895
BOY;
BPU;12917,13608,13644,14573,14771
BRR;14898
BRU;
BSU;14728,14809
BSY;14625
BTU;12943,13247
BUY;12985,13058
CDI;14954,15738,15741
CDO;
CDU;4445
CEE;4800,4806,4880,15849,15896,15982,16058,16059,16095,16108,16109
CEH;15391
CEI;4242,14959,14987,16305,16531
CEL;
CEO;4910
CEP;
CER;
CES;
CET;
CEU;867,16706,16714
CGI;800,4806,4917,4969,4972,5675,15401,15889,16263,17184,17192,17212,17271
CGO;4499,5000,5730,15280
CHI;16305
CHO;
CIK;12697
CIM;17223
CIP;15240,17282,17303,17482
CIS;13189,15136,15138,17539
CIT;5586,17482
CIY;4320,5590,5612,5613,14953,14954,15699,15765,17133,17152,17283
CLO;
CLY;12985,14954,15699,16842
CMO;
CMU;15854,16706,16714,16968,16972,16984,16997,17175,17785
CMW;4779,5451,5944,6214,16066,16097,16709,17791
CMY;13175,17133,17144,17378,17513
CNO;
COO;2934,17320
COP;15240
COR;
COS;17539
COT;
COW;4779,13029,15816,15822,17815,17817
COX;12988,13223,13229,16081,16908,17036,17169
COY;5115,13246,16795,17700
COZ;1109,1111,4780,4790,5855,6136,17448
CPU;17282,17303,17404,17704
CRU;4406
CRY;15103,16207,16442,16842,16868
CTU;348,1132,13247
CUZ;2948,4790,5266,5849,5889,5935,6255,13247,16714,17451
DDI;352,353,1149,1150,3011,6489,6497,6498,6499,6515,6518,13290,15239,18251,18252,18254,18276,18280
DDO;15247,15248
DDU;13294,15247,18280
DEE;
DEF;
DEG;
DEH;14932
DEI;
DEK;
DEL;
DEM;
DEN;
DEO;
DEP;
DER;
DES;
DET;14932
DEU;
DEV;
DEW;14932,19361,19398
DEX;15590
DEY;
DEZ;13308,13349,13440,18083,18104,18417,18799,19148,19229,19403,19456,19458,19552,19600,19601,19776,19881,19929,19935
DFI;4223,4688,4689,4690
DFO;
DFU;12768,13561
DGI;20203
DGO;13292,20203,20229
DGU;13568,13581,20300
DHI;3192,6491,7522,20324,20325,20340
DHO;15720,20324,20340,20342,20361
DHU;13025,13026,20323,20361,20364,20367,20373
DIK;
DIL;
DIM;
DIN;
DIP;13608,15240,15244,20174,20248,20324,20331
DIR;
DIS;
DIT;
DIU;18124,19583,19754
DIV;20501
DIY;13620,20134
DJU;7875,13474,15740,18346,18682,19467,20160
DLO;
DLU;
DMO;105,1416,4457
DMU;18778
DNO;
DNU;
DOO;
DOP;15240,15244,15752,20203,20324
DOR;
DOS;
DOT;
DOU;
DOW;
DOX;407,1445,1451,2643,3252,7997,13636,13649
DOY;
DOZ;4780,4790,7951,15749
DPU;1385,1401,1455
DRU;
DRY;
DSU;
DUW;6742,6836,8003,13294,13367,13638,15213,15822,18264,18516,18858,19361,19398,19753,19935,20078,20300,20582
DUX;15590,18976,19182
EEF;20629
EEG;20622
EEJ;
EEK;14972,21212
EEL;14965,14973,15849,15988,16058
EEM;3271
EEN;14973,16112
EEP;
EER;
EES;
EET;20622,21091,21595
EEV;13663,14960
EEW;
EEY;3271,13058,14972,15961,21212
EEZ;13783,15343,15917,16042,16112,17995,18799,21197,21409,21535,21595,21655,21677,21732,21757
EFF;420,1493,3377,4912,6740,8025,8553,8568,20862
EFG;422,1499,3383,4917,4919,8033,8574,8577,8604,8609,22144
EFH;6349,6756,8612,8615,8618,18429,18889,20633,22049,22052,22176,22179,22180
EFI;
EFK;22144,22350
EFL;
EFM;18943,18969,22118,22350
EFN;
EFO;3377,3380,4919,8553,8555,8574,8577,8604,8739,13917,20962,22144
EFR;14980
EFS;
EFT;
EFU;422,3277,12793,14980,22326,22344,22473
EFW;8568,8739,19022,22443
EFY;
EFZ;20875,22321
EGG;22105
EGI;800,4917,8970,15889
EGK;1536,3434,8871,8984,22144,23016
EGL;
EGM;13940,22627
EGN;
EGO;22144
EGP;22144,22693
EGR;
EGS;
EGT;15278,20622
EGU;
EGV;
EGY;22997
EHH;1135,19264,21165
EHI;2601,3477,4242,8174,9248,9253,14017,14030,15917,16305,16388,21189,23221,23304,23345
EHM;19285,19295
EHN;16438,20888,21170,22667,23202
EHO;
EHP;
EHR;
EHS;
EHT;17870
EHU;819,2602,2793,4258,8209,9356,12817,14057,14058,15946,15955,16373
EHW;17867,18073,18889,19285,19321,19332,22052,23391
EHX;1607,1619,4264,8851,9375,9421,9428,14017,14043,19295,22179,23304,23516
EHY;
EIK;16531
EIL;
EIN;
EIP;9686
EIR;
EIS;
EIT;
EIV;24313
EJO;1668,7163,7167,15977,16044
EJT;22224,22745,22749,23821
EJU;6406,21597,24609
EJW;3593,9270,9468,9470,23821
EKL;
EKN;
EKO;8293
EKP;
EKR;
EKT;
EKU;9963
EKW;15408
EKX;2842,5163,14262,20749,23880
EKY;
EKZ;9914
ELL;
ELM;
ELO;
ELP;
ELS;
ELT;
ELU;
ELV;
ELW;
ELX;14043,18767,20749,23041,24748
ELY;
ELZ;15038,19148,19418,19600,21619,21677,21732,21757,23663,23976,24107
EMM;
EMN;
EMO;
EMR;
EMS;
EMT;
EMU;450,867,2677,3591,6437,24313
EMW;18943,19361,19426,23306,23704
ENO;
ENP;14292
ENR;
ENS;
ENT;
ENW;
ENY;
ENZ;18083,18799
EOP;
EOR;
EOS;8484,9790,10487
EOT;
EOV;
EOW;21937,25289
EOX;9087,10130,14043,14262,24492
EOY;4307
EPP;
EPR;
EPS;
EPT;
EPW;882,1566,12892,16871
EPY;
EPZ;1801,19904,21732,25236
ERR;15841,15858,15956,16057,20666,20804,20815,21150,21298,21339,21613
ERS;
ERT;
ERU;
ERV;
ERW;
ERX;8443,19455
ERY;
ERZ;13823,16563,19403,19458,19600,19601,20698,21132,21516,23070,23209,23391,24306,24569,24830
ESS;
EST;
ESU;23751,24571
ESV;
ESW;
ESX;
ESY;
ESZ;25326
ETT;
ETU;25250
ETV;
ETW;
ETX;501,1592,15865,20622
ETY;
EUY;3466,6802,7405,8970,10449,15663,17905,18181,18977,20025,20087,21157,22100,22300,22432,22585,22591,23154,23515,23530,23556,24210,24451,24623,24627,24639,24996,25103,25132
EVX;4866,24268,24313
EWX;482,9510,9987,14260
EWY;882,3518,16868,22557
EXY;3375,4264,5139,5444,9087,9786,10398,23690,24096,24748,25147
EXZ;9746,10130,19448,21595
EYZ;1722,5247,6427,6662,7075,8770,8979,9290,9532,15038,21996
FFI;25384,25388
FFO;25405,25426,25427,25429
FGI;3381,4917,12896,13886,20107,22115,25436,25492
FGO;
FGU;422
FHO;4921,8615,10710,10715,14484,15377,15695,20110,25452,25463,25576,25577,25578,25579
FIK;
FIL;13560,25390,25616,25617,25650
FIN;
FIR;15089
FIS;10727,10765,10772
FIT;17151
FIX;14484,25393,25577,25638
FIZ;8663,14495,17147,20875,22255,22321,25604
FLU;25616,25650,25665
FLY;13560,14494,15699,17132,25390,25403,25428,25446,25515,25561,25616,25617,25650,25669,25670,25676,25742
FMU;5617,7496,17167,20140,20141,25618,25718
FNO;14477
FNU;17169,17170,17175,25590,25618,25652
FOO;
FOP;5626,8553,8745,10678,17119,25525,25690
FOR;
FOT;8053
FOU;8739,17175
FOW;8568,8739,10861
FOX;14484,14510,25393,25577,25596,25638,25699,25756
FOY;17146,17157,20151
FRU;18027,22209
FRY;17144,17157,17160,25698
GGI;25796
GHI;149,749,5659,5664,5665,7521,15704,17184,17192,20174,22602,22607,22612,22618,22647,22659,25929
GHO;1279,3064,6359,7517,7527,7528,13937,18250,18476,19100,19101,19103,22607,25929,26013
GHU;
GIJ;1887,2689,3837,5676,10880,11090,11097,17209,20160,22042,22749,25765,25774,26046,26047,26049,26199,26201,26203
GIL;25446
GIM;13940,17212
GIN;
GIO;20203,21091,25900
GIP;800,4917,7540,11063,15889,18425,18493,21042,22693
GIR;
GIS;
GIT;14520,17313
GIV;17308,25375,25880,26270,26306,26326
GIW;14631,17267,19146,22694,22739
GIZ;1534,8885,11140,11195,17313,20652,21091
GJO;26492
GJU;17209,20160,25774,26199,26201,26203
GLO;
GLU;
GMO;20118,20203,20300
GMU;20300
GMY;20118,21009,26539
GNO;
GNU;
GOO;
GOR;
GOS;
GOT;13582,17268,17313,26311,26518
GOV;5731,25880
GOW;8807
GOX;3463,5739,8851,9087
GOY;
GPU;
GPY;
GRR;1996,3907,5746,10947,11358,11424,11426,11427,13662,17320,17940,18321,20313,20666,21150
GRU;
GSU;
GTU;
GTY;10677,10963,11045,11064,11227,11339,11371,14520,14534,14629,17193,17271,17313,25458,25944,25961,25962,26518
GUV;5726,11181,11323,17308,19149,22843,26270,26306,26326
GUY;26201,26353,26463,26465,26539
HHO;14015,17322,17323,21165,23194
HHS;26579
HHU;527,3915,4325,4445,11491,21165,26581
HIK;25387,25933
HIM;20340,22612,23304,25459,25963,25964,25966,25967,26624,26681
HIN;14030,14655,21170,23221,23249,23262,25387,26597,26629,26651
HIO;13731,14030,14530,15917,16305,16388,17399,20334,23221,23325,26642,26651,26659
HIP;149,2070,8170,8829,11577,11613,13588,14030,14670,14676,19276,19288,19298,20324,20334,20340,21175,22495,22612,22613,23198,23202,23262,23304,23305,26681
HIS;
HIT;6491,7623,8174,14017
HIU;14665,14684,19304,19320,20323,22051,22497,22618,22630,22651,22659,23224,23225,23255,23280,23289,23344,23375,25370,25387,25390,25459,25461,25569,25586,25764,25933,25941,25942,25949,25955,25963,25992,25999,26001,26007,26009,26629,26670,26695,26696
HMM;190,2121,2122,5822,9330,9332,10987,11542,11543,11571,11695,17373,17374,17421,17422,19285,20367,21220,22624,25963,26642,26677,26678,26785,26787
HMO;20321,26597
HMU;14692,19336,20364,20367,21028,22676,23481,25963
HNO;26597
HNT;
HNU;18556,20323,21245,25590
HOO;
HOP;20324
HOR;
HOS;
HOT;
HOW;12933
HOX;14043,14484,14698,16370,17399,20324,20382,22179,23325,23516,25393,25577,25596
HOY;25578
HOZ;15917,16467,17396,17442,21197,23302,26613,26657,26707
HPT;
HPU;15003,15126,22176
HPY;11045,15119
HRY;11707,15103,15132,25578,25967,26640,26694,26787
HSY;17327
HTU;23225,23289,26590,26649
HTY;6491,6494,14534,15129,25944,25961
HWY;10960,11623
IIW;7539,11508,18571,19426,20213,21325,22510,22735,22739,23217,23704,23784,25770,26612,26615
IJN;1887,2172,2173,2689,3837,3982,5766,9469,9470,10880,11090,11095,11097,17209,22042,22749,23801,23821,25765,25774,26047,26203,26849
IJZ;2176
IKL;
IKN;
IKO;3994,11869,12697,13196,13198,13199,14742,15148,16621,17118,17119,17550,17551,17586,17589,18582,20448,27005,27006
IKP;27005,27006
IKR;26857
IKS;27008
IKT;20446,27056
ILL;
ILM;
ILN;17480,17501,26849
ILO;
ILP;
ILS;15100,15136,17510
ILT;
IMM;26677,26678,27101,27102
IMN;
IMO;
IMP;
IMR;
IMS;
IMV;7704,11591,19426,24043,24313,26326
IMX;14788,23304,23655,24313
IMZ;4373,11590,11591,16714,19425,21316,21465,23302,24214,24294
INN;14655,17343
INO;
INP;
INQ;
INR;
INS;
INT;
INU;12917,14627,14745,25387,25862,25880,26629
INV;17308,25375,26270,26306,26326,26906
INW;
INX;202,2315,2316,5801,11594,11995,14620,17670,25638,27273
INY;17959,21505,24409,26169,26956
INZ;26887
IOP;327,4330,9686,13731,14226,15048,15240,15244,16388,17119,18649,19288,20203,20324,24464,26857
IOS;9790,17539
IPP;
IPR;26857
IPS;
IPT;
IPU;577,5260,10928,11287,12917,16011,16388,17357,17592,19754,22993,24526,25785,25803
IPX;209,577,1032,1371,8271,9702,11995,12198,17670,18649,20324,23304,25577,25699,27225
IPY;6479,7540,11623,12230,18265
IPZ;1370,11274,12083,17567
IQS;16029,16400,16679,23679
IRS;
IRT;
IRZ;16563,19403,19458,19600,19601,20482,21516,23209,23391,23620,24306,24569
ISS;
IST;
ISU;561,919,2713,3585,5260,11336,11942,12939,12944,14728,14809,14816,16029,16830,17539,17552,23793,24526,24538,25399,25695,25701,26882,26970,27008,27012,27098
ISV;17539
ISW;13627
ISX;14484,14612,14770,14788,25393,25489,25531,25577,25638,25699,26124,26598,27273
ITT;
ITU;
ITW;17151,17589
ITX;14770,17544,27091,27323
ITZ;12943,17313,17651,25539,26464,26657
IVY;9268,14716,17497,23389,24568
IWZ;11251,11329,14631,19600,24189,26450,27160
IZZ;2169,14257,18104,19458,19462,19776,21558,24569,24571
JLO;1870,4071,7874,12254,26990
JNU;9881,12255,14732,17209,17547,19469,20160,24609,24623,24626,24627,25774,25835,26202,26203,26990,27346
JOR;1668,1870,5291,7167,16044,19795,24630,26492
JOT;16044,26492,27345
JOW;3593
JOY;12254,27346
JSU;218,4335
JTU;1045,6106,17547,26203,27345
KNO;
KOP;
KOR;
KOS;
KOU;16415,17113,17727,27370
KOW;4075,7883
KOY;
KST;
KSU;26882
KSY;
KUY;2366,10694
LMO;25427
LMU;14847
LMY;
LNU;14710,14842
LOO;
LOP;
LOR;
LOS;
LOT;
LOU;3942,14840,14847,14860,26642,27092
LOV;14840
LOW;27085
LOX;10130,12027,13223,13636,14043,14847,14857,14858,16657,16908,17611,23041
LOY;2469,13818,14840
LOZ;13763,15172,17567,19418,21732,24107,25847,26519,26657
LPU;
LPY;
LRU;
LSY;25428
LUU;12768,12858,13606,13986,14763,14826,14827,15639,15804,17167,17720,19920,20133,20553,22385,24043,24159,24987,25553,25595,26489,26501,27420
LUV;14751,14840,19149,22282,27092
LUX;3942,12027,14847
LUZ;3682,8599,8703,11195,13823,27120
LVY;1063,1092,1978,2410,2419,2972,4113,6003,11939,11943,12034,12050,14716,14840,17497,20411,26915
MMM;17487,24191
MMO;20575,26785,27439
MMU;13224,15770,16968,16972,17422,20575,26642
MNO;
MNU;
MNY;24623,25047
MOO;
MOP;12318,12370,20203
MOR;
MOS;
MOT;
MOU;17727,26642
MOV;4113,10766
MOW;20141,20300
MOY;16860,25684,27465
MOZ;2517,4373,4780,12083,12112,12517,12548,17651
MPU;
MRU;
MSU;
MTU;
MUU;4115,11700,12328,13158,13219,13612,13986,14692,14842,17167,19016,20553,21842,24043,24313,24609,24733,24799,27345
MUV;20501,23500,24313,26326,26937
MUX;3591,12068,12073,14788,23655,24313
MUY;2366,14383,14847,20461,24623,26539,27250,27463
NNO;
NNU;5793,8809,15881,17257,17278,17426,20115,20165,20209,20255,20543,21856,25520,25780,25843,25857,25862,26245,26270,26545
NOO;
NOR;
NOS;
NOT;
NOW;
NOX;17169,17670,20492,25596,25638,25654,27214,27273,27501
NOY;
NPU;14292,14842
NPW;21080,26721
NRU;
NSU;
NSY;25751
NTU;
NWY;16868,23533
OOP;
OOR;2564,12194,24630
OOS;
OOT;
OOW;2564,11869,11907,12194,12933,16871,17320
OOX;2970,4177,7997,10130,12338,12533,12621,12965,12988,13223,13539,13636,14065,14857,14858,14874,14893,14895,22179,23485,24221,25060,25147,25732,25756,27214,27225,27273,27501
OOZ;
OPP;17586
OPR;
OPS;
OPT;
OPU;
OPW;21937,24490,25289
OPX;1445,4177,12198,12638,14858,14893,14895,17670,20324,25577,25699,25732,27225
OPZ;266,1370,12083,12429,17567,21732,25233,25236,26613
ORS;
ORT;
ORU;
ORV;
ORW;
OSS;
OST;
OSU;4416,6286,8484,9790,10487,10508,12973,14728,14809,17539
OSV;17539,20605,26760,27501
OSW;
OSX;2908,2981,4177,12638,14484,14506,14612,14770,14895,14906,20152,25393,25531,25577,25638,25699,27273,27501
OSY;
OSZ;523,638,4073,6282,26486
OTT;
OTU;
OTW;17589,21937
OTY;17313,17700
OUY;2572,17700,20087,25551,27463
OVW;
OVX;8004,24268,27501
OWW;1451,2573,7997,12306,12307,12455,12545,12586,12592,13643,13648,14285,14382,14861,17817,20555,25021
OWX;1451,7997,12307,12545,20492,25732
OWY;
OXY;12461,12621
PPU;
PRU;
PRY;
PST;
PSU;26882
PSY;
PTU;
PTW;11747,26163,26836,27378
PUY;15119,17704,24639
PXY;11735,11759,12422
QSU;4416,12270,12446,16400,16454,16679,16936,23679,26036,27476,27477
RSU;
RTU;
RTY;
RUY;8970,15103,26539,26956
RWY;13750,16868,18411,19842,21306,21598,23571,25213,26762
SSU;
STU;
STY;
SUW;4198,10877,11852,14688,14818,14899,14902,16225,16961,20852,21965,22175,22601,23012,24170,24594,24608,24984,24985,24993,25333,25570,25672,25737,25758,26564,26739,26882,27330,27384
SUY;17710,25422
SWY;
TTU;17310,17706,25885,26001,26203,26392
TUU;2580,4145,5539,6283,7922,10028,10839,11609,12335,13247,14763,14771,15639,16963,17087,19920,20077,20133,20500,22385,24987,25595,25738,27345,27399,27420,27421,27532
TUX;501,1592,1665,3586,5285,5540,5576,6726,8283,12243,13229,13908,15590,15865,17038,18883,21595,24305,24492,25596,26998
UWZ;4198,14631
UZZ;5935,19776,23398,24569,24571
ZZZ;12678
