AABB;62,637
AABC;725,755,896
AABL;7,1275,1462
AABR;
AABS;
AABY;707,1011,1043,1090,1131,1137,1384,1462,1515,1516
AACC;1752
AACI;13,17,208,1620,1752,2621,2775
AACM;605,950,958,1820,1981,2013,2180,2681,2825
AACP;1752,1792,2557,2578
AACR;1820
AACS;1865,2529,2535,2682
AACT;17,69,909,952,2715,2914
AACV;171,772,1790,1889,2775
AACW;684,765,896,1740,2252,2309,2425
AADD;609,701,702,1813,1819,2944,2953,2954
AADI;13,326,1971,3394,3531,3532
AADL;329,1976
AADN;1625,1947
AADT;622,1639,1822,2058,2067,2072,2074,3071,3096,3382,3394,3486,3514
AADW;1115,1819
AAEL;594
AAER;
AAES;389,1667,1958,2408,2930,3096,3383,3711,4235,4380
AAFH;1970,3012,3077,3397,3664
AAFJ;
AAFL;1262,4633
AAFN;4625
AAFR;1450,1713,2543,4611,4613,4633,4635,4639,4649
AAFS;4,310,791,1710,2161,2530,3096
AAFV;3394
AAGG;599,2557,2558,3932,4670,4671,4675
AAGH;3911,3948,4695,4712,4718
AAGI;3911
AAGJ;
AAGL;
AAGM;2180,3684
AAGN;
AAGR;124,363,2206
AAGS;1710,2161
AAHH;32,335,1866,2180,2562,2621,3025,4895
AAHK;34
AAHM;3720,4889
AAHR;3025
AAHS;1667,3010
AAHT;4965
AAHW;34,765,1740,4135
AAHY;489,1043,1462,4965,4976
AAIM;13,5040
AAIR;
AAIS;3665,4883
AAJP;1668,1920
AAJR;14,4381
AAJV;2054
AAKK;20,595,663,680,689,691
AAKL;
AAKM;2413,3684,4739,5040
AAKN;
AAKP;2557,2578,4739
AAKR;
AAKS;
AAKT;185
AAKV;
AAKW;34,38,1147,4948,5041
AALM;7
AALN;
AALP;5115
AALR;
AALS;
AALT;17
AALU;1171,1254,1272
AALV;
AALX;356,1186,1215,1222,1507,2130,2466,3868,4472
AALY;7
AAMM;2267,3810,3811
AAMN;
AAMR;
AAMS;
AAMT;4649
AAMY;7,1384,2280,2768,3527,3810,5061,5062,5067,5071,5160
AANN;
AANO;585,1029,1792,1909,3077,3880,4712,4973,5250,5321
AANP;1792,5250,5285,5288
AANR;
AANS;
AANT;
AANZ;1265,3850,3988
AAPP;579
AAPR;
AAPT;3810,3811,4182
AAPU;1316,2986,3246,3281,4718,5125,5224,5288
AAPW;3797,4564,5125
AAPY;1792,3810
AAQU;117,944,3532,3646,5198,5224,5311
AARR;511,4878
AARS;
AART;
AARU;117,944,1146,1570,3532,4613,5224
AARV;3831
AARY;1798,2038
AASU;3144,4380
AASV;3730,4380,5315
AATU;2053,2741,2986,3281,3727,3829,4545,4639,4917,5021,5224,5231
AATV;3394,3831
AATW;844,1090,1240,2471,4404
AATX;299,422,3751,3868,4206,4282,4350,4472,5021,5146
AAWW;
AAWY;1740,1798
ABBE;585,598,5355,5510,5511
ABBL;589,5357
ABBO;5483
ABBR;610,621,5370
ABBS;
ABBU;5370
ABBY;
ABCH;
ABCK;5354,5589,5621,5638
ABCN;732,755,879,5354,5619,6063,6255
ABCR;
ABCS;6250
ABDE;
ABDI;111,1137,1138,1139,6781,6785,6801,6814
ABDL;
ABDN;6814
ABDO;
ABDR;
ABDS;5593
ABDU;117,6801
ABDW;732,1115,6332,6769,6837
ABEK;
ABEL;
ABEM;5355
ABEN;
ABEP;1316,5521,7254,7340,7348,7368,7584,7752
ABER;
ABES;
ABET;
ABEU;1254,1316,5945,6904,7375,7418
ABEY;
ABFF;
ABFL;1108
ABFR;728,5595,6847
ABFS;4,791,5442,5617,5659,5769,5863,6341,6725,7802
ABFT;6505,6847,7211,7213
ABGH;1275,1462,1463,6735,7861
ABGI;1449,6092,6746,7836,7874
ABGL;1462,6093,6746
ABGM;
ABGN;620,7836
ABGR;1487
ABGS;
ABGY;124,1041,1462,5892,6331,6376,6535,6746,6928,6933,7330,7860
ABHI;1492,1504,6759,7947
ABHL;1462,1507,5446,6127,6134,6149,6735,6769,7806,7852,7861,7948,7949,7952,7954,7963,7968,7983
ABHS;
ABHT;155,5446,5448
ABHU;1275,1316,1462,6735,7375,7947
ABIL;
ABIM;
ABIN;6814,7368,7450,7584,7836
ABIO;1121,1146,7450,8104
ABIR;
ABIS;
ABIT;86,1569,6214
ABJM;7
ABJS;
ABJU;5699,5940,6172,6368,7030
ABKL;1147
ABKN;5619
ABKO;1577,5591,6222,6801
ABKR;
ABKS;
ABKU;5945,6801
ABKW;131,802,1147,1577,6145,6152,6176,7635,8048
ABLL;0,950,6176
ABLM;1,950
ABLO;5357,5591,7037
ABLS;
ABLT;
ABLU;1254
ABLW;802,809,1240,6134,6152
ABLY;
ABMO;6288,8098,8176
ABMR;8176
ABMS;
ABNO;6769
ABNR;
ABNS;
ABNT;89
ABNU;
ABNW;6332,7584,7886
ABOR;
ABOS;
ABOT;7783
ABPR;737,797,938,958,1467,1470,1504,5547,6068,6169,6523,6791,7254,7456,7752,8106,8183
ABPS;690,1152,5350,6227,7883,8107,8135,8149,8164
ABPU;1316,1410,7944,7993
ABRS;
ABRT;7959
ABRU;
ABRW;844,1318,6018
ABRY;
ABSS;
ABST;
ABSU;
ABSW;67
ABSY;6752
ABTT;8176
ABTU;86,7877
ABTY;166,1131,7877
ABZZ;7788
ACCE;5588,5595,8195,8196,8207,8402
ACCK;1752,8777
ACCO;8207
ACDE;
ACDH;
ACDI;13
ACDK;208,742,1990,5368
ACDL;742,2003,2004
ACDO;
ACDR;70,213
ACDS;
ACEF;1658
ACEG;1658,10593
ACEH;
ACEK;10366
ACEL;
ACEM;2413
ACEN;
ACEP;
ACER;
ACES;
ACET;
ACEV;
ACFF;10300,10316,10318,11588
ACFL;2531
ACFS;1710,11610
ACFT;8603,11634
ACFU;1658,2176,8601,8820,8935,11609,11634,11691
ACGH;2561,2562,2571,2573,6101,8612,9549,9552,11594,11709,11735,11769,11770,11771,11772
ACGL;17,1981,6093,11730
ACGN;1982,2532
ACGR;1982,2531,2532,2571
ACGS;1710,2574,6094,8292,9552,9554,11593,11711,11764,11820
ACGY;2532,2562,2571,2606,2618,6092,8618,8631,8632,11597,11722,11743,11755,11769,11770,11771,11772,11809,11811,11891,11894,11898,11939,11940,11941
ACHI;2621,8962
ACHK;
ACHL;
ACHM;
ACHN;
ACHO;
ACHP;
ACHR;
ACHS;
ACHT;
ACHV;
ACHW;1740,8640
ACHY;11722
ACHZ;199,8462,9600,9904,9911,9927,10887,10888,12024,12073
ACIL;
ACIM;13
ACIN;
ACIO;2388,2610,10041,10093,11103
ACIP;1752
ACIR;
ACIS;
ACJK;1668,10366,11642
ACKK;20,595,663,689,691,2681,5357,5358,5589,5591,8465,8777,11320,12488
ACKL;
ACKM;185,290,605,742,835,916,950,958,1783,1920,2267,2413,2681,2749,6231,8209,8349,8465,8671,10898,11700,12485
ACKP;958,1752,8644,12091
ACKR;
ACKS;
ACKT;89,2747,5406,12257
ACKU;2623,11642,12488
ACKW;6152
ACKY;6092
ACKZ;961
ACLL;6134,6147
ACLM;2003,2681
ACLN;9728
ACLO;
ACLP;
ACLR;9624,11626
ACLS;
ACLT;
ACLU;5408
ACLW;802,809,6134,6152
ACLX;781,5775,10177,10198
ACLY;
ACMO;
ACMP;
ACMR;605
ACMS;
ACMU;299,1820,2180,5408,9738,10318
ACMY;9551,11722,11891,12210,12378,12382,12388
ACNN;
ACNR;
ACNS;
ACNT;
ACNY;805,11743
ACOP;
ACOR;
ACOS;11820
ACOT;
ACOX;12465,12475
ACPR;
ACPS;
ACPT;12141
ACPU;8807,8960,9980
ACPY;6092,12216
ACRR;25
ACRS;
ACRT;
ACRW;2697,8640,9109,10068,11726,11943
ACRY;
ACRZ;961,12024,12073,12178
ACSS;
ACST;
ACSV;9743,9751
ACSW;
ACSY;
ACTT;5406,6140
ACUY;755,2053,2054,8830,9418,9541,9546,9584,9629,9698,10739,11693
ACVY;2054,8694,11487,12172,12549
ADDE;
ADDO;8901
ADDR;8889,12949,12971
ADDS;12945
ADDU;5657,6331,8889,8890,8894,8901,12949,12950,12955,12980,12982
ADDW;6332,12952
ADDY;
ADEF;
ADEG;
ADEH;
ADEI;
ADEJ;1635,1921,6580,14343
ADEK;
ADEL;
ADEM;
ADEN;
ADEO;3383,14837
ADEP;
ADER;
ADES;
ADET;
ADEV;
ADEW;
ADEX;5441,6694,6702
ADEY;
ADEZ;
ADFF;3394
ADFN;9545,9546,12950
ADFO;1973,9133,13736,14880,14881,14886,14906
ADFR;6720,14878,14880,14881,14905
ADFS;8876,9537
ADFT;326,3394,9545,9546,14908
ADFY;9545,9546,14880,14881,14911
ADGI;9562,13209,14931
ADGL;329,6735
ADGN;
ADGO;3485,6735,8229,14866
ADGR;15063
ADGS;
ADGU;6735,9562,14933
ADGW;14931,14951
ADHJ;
ADHK;
ADHL;
ADHN;
ADHO;15095
ADHR;6759,12971,14917,15131
ADHS;
ADHU;8962,13313
ADIK;
ADIL;
ADIM;13,3541
ADIP;6615,8234,9027,12768,13209,13457
ADIQ;1134,13209,15208
ADIR;
ADIS;
ADIT;
ADIV;3532
ADIW;9583,14931,14951,15317
ADIY;1043,6733,15006,15095
ADKN;9723
ADKR;1147,14905
ADKS;
ADKU;5370,5657,9721,12950,14187,14650,14654
ADKW;1147,1819,14931,15252,15358
ADLN;
ADLO;
ADLR;329,2003,2004,5754
ADLS;
ADLT;
ADLU;
ADLW;
ADLY;
ADMN;
ADMP;15073,15221,15307
ADMR;15352
ADMS;29
ADMU;3259
ADMW;15252
ADNO;
ADNP;15195
ADNR;
ADNS;
ADNT;
ADNU;12982
ADNW;732
ADOP;
ADOR;15352
ADOS;
ADOT;
ADOW;8303,13736,14615,14931
ADPR;
ADPS;
ADQU;1134,3313,3646,12941,13209,14739
ADRS;
ADRT;
ADRU;
ADRW;14951
ADRY;
ADSS;
ADST;29,30
ADSW;
ADSY;5442,15428
ADTU;
ADTW;732,5735,6332,14951
ADUY;2053,2054,8830,9418,9526,9541,9546,9629,9760,12947,12950,14093,14782
ADVY;2054,15006
ADWY;362,15428
AEEG;3684,13214,15804
AEEJ;3754,7029,7030,7031,7032,9997,12715,13171,13482,13483,15844,15952,16178,16185,16465,16468,16469,16470
AEEK;3034,15522,15966
AEEL;
AEES;
AEEV;8365,9813,15794
AEEW;6946,8232,9819,16727
AEFK;
AEFL;
AEFM;
AEFN;5362
AEFR;
AEFS;
AEFT;
AEFV;
AEFZ;1265,3850,10396,17110
AEGG;
AEGL;
AEGM;2180,3684
AEGN;
AEGP;17489
AEGR;
AEGS;
AEGT;
AEGU;1658,3684,3961
AEGV;15794
AEGW;3675
AEGY;
AEGZ;15903
AEHK;17387,17388,17974,18157
AEHL;17974
AEHM;
AEHN;18255
AEHP;7368
AEHR;
AEHS;
AEHT;
AEHV;
AEHW;
AEHY;
AEHZ;3727,4174,9911
AEIK;385,3034,10009,13357,18309,18325
AEIL;
AEIM;
AEIN;7368,7584
AEIV;
AEJK;1668,1687,2405,2407,6638,10366
AEJN;585,1635,1687,2405,6640,7029,7030,7031,7032,7636,10366,10400,14102,14103,14645,15845
AEJP;1668
AEJT;4388,16465
AEKK;385,595,5589,10366,10645,17974,18325
AEKL;
AEKM;2413,5945,9113,14656
AEKN;
AEKP;18331
AEKR;
AEKS;
AEKT;8349,13268
AEKW;
AELL;
AELM;
AELN;
AELO;5483,7160,8197,8199
AELP;
AELR;
AELS;
AELT;
AELV;
AELW;
AELX;1222,3941
AELY;
AELZ;3850
AEMM;8474
AEMN;
AEMR;
AEMS;
AEMT;18932
AEMW;3717,15566,16038,16574,16727
AEMX;1264,3716,18073
AEMZ;15903
AENN;
AENO;
AENP;
AENR;
AENS;
AENT;
AENU;
AENV;
AENW;
AENY;
AENZ;3850
AEOR;
AEOT;7783
AEOZ;
AEPP;
AEPR;
AEPS;
AEPT;
AEPV;7536,9938,10041
AEPX;3375,18073
AERR;
AERS;
AERT;
AERU;
AERV;
AERW;
AERY;
AERZ;
AESS;
AEST;
AESU;
AESV;
AESW;
AESX;1667,8345
AESY;
AESZ;
AETT;
AETW;
AETY;
AETZ;3271,8504,10549,13866,17243,18535,18716
AEUV;9418,12879
AEUX;10260,15585,15940,16709,16831,17435,17886,18179
AEVW;
AEWW;14796,17183,17184,18023,18151,18239,19317
AFFF;
AFFG;
AFFH;
AFFN;3850,16872,19648,19649,19660,19662,19668
AFFO;10306,10312,11581,11585,11586,16849,16877,19678
AFFR;19668,19670
AFFW;
AFFY;
AFGL;2531,10320,11577,19717
AFGN;19707
AFGO;1658,13736,14866
AFGR;14878
AFGS;3859,11593,16894,19720
AFHK;1659,2536,6080,19781
AFHL;7806,8406,9821,10320,10323,11614,11617,11622,16963
AFHS;
AFHT;16963
AFHU;7806
AFIK;19781
AFIL;
AFIN;19781
AFIR;
AFIT;8603,11634,11651
AFIW;19761
AFIX;3858,6494,17042,19829
AFKL;14905
AFKN;12950,19781
AFKS;2529,2530,6079
AFKW;11674,11675,13793,13794
AFLL;7794
AFLM;11626
AFLN;19879
AFLO;
AFLP;1262,9820,9821,16989,17124
AFLR;
AFLS;
AFLT;11617
AFLU;
AFLW;11622,16963
AFLX;3868,17184,19829
AFLY;
AFMO;4625
AFMR;1713
AFNO;19662,19781,19860
AFNS;
AFNU;12950
AFNW;
AFOR;1973,8598
AFOS;791,5863
AFOY;
AFPR;1713,1973,2550,5547,6721,11617,11631,11640,11664
AFQW;
AFRS;
AFRT;
AFRU;
AFRY;
AFRZ;17110
AFST;
AFSU;4,11609
AFSW;310,9826
AFSY;310
AFTU;7211
AFTW;11622,11675
AFUX;1264,2176,19829
AFWY;
AGGH;369,3911,11698,14917,17239,17241,17242,17243,17245,19915,19918,19927
AGGI;6092
AGGJ;11698,12953,19951
AGGM;
AGGN;3421,4675
AGGO;
AGGR;
AGGS;
AGGU;
AGHN;
AGHR;11594,11709,11768,20073,20120,20133
AGHS;8292,9552,11711,20016
AGHT;20129
AGHU;15702,17411
AGIL;
AGIM;
AGIN;
AGIO;8631,14931
AGIR;
AGIT;8631,11891,12964,15794
AGIV;15794
AGIY;6092,7860,8631,11722,11891,17380,20085
AGJO;7306,7886,10577,11698,11930
AGJS;11711,15004,15054,20293,20294
AGJU;9562,11698,11930,11931,12953,15004,15054,20291,20530
AGKN;
AGKO;4832,4833,11732,11830,11831,14931,17387,17388
AGKS;894,1173,4687,5873,5884,5888,8623,9554,11711,15457,20159
AGKU;3684,13932,14027,20312
AGKW;3675,14931
AGLL;
AGLM;
AGLN;
AGLO;8199
AGLS;
AGLU;
AGLY;20531
AGMN;
AGMO;
AGMP;15466,17389
AGMR;20182
AGMS;
AGMU;2180,3684
AGMY;11722,11770
AGNN;
AGNO;
AGNP;
AGNR;
AGNS;
AGNT;
AGNU;
AGNV;
AGNW;
AGNY;
AGOP;4718,7944
AGOR;
AGOS;
AGOT;
AGOY;4845,8199,11839,11846,20322
AGPS;9554
AGPU;7944,17411
AGPW;17808
AGPY;6092,11770
AGQU;3684,3961,11816,11817,15821,17760,20512
AGRS;
AGRT;
AGRU;1487
AGRV;
AGRY;
AGSS;
AGST;
AGSU;
AGSV;
AGSW;461,4859
AGSY;
AGSZ;2574,20014
AGUY;124,1272,7302,20155,20305,20321,20472,20512
AGYZ;
AHHO;3415,4109,4895,7340,7341,7948,8434,8634,10617,10623,11714,11953,15954,16963,17317,17945,17959,17962,17964,17965,17969,17970,17972,20591,20593,20603,20605,20610
AHHS;8430,12973,15075,15953,17944,20015,20599,20601,20603,20610
AHHT;15080,19780,20603,20605,20610
AHIJ;
AHIK;
AHIL;17974
AHIM;4684,4695,15082,15108,18073
AHIN;1493,4933,7368
AHIO;3171,4695,4933,7356,7948,15095,18029,18030,18119,19781,19918,20043,20073,20621,20679,20726,20739
AHIR;6759
AHIS;
AHIU;2621,4114,8962,14933,15086
AHIY;1043,1724,2640,3429,3501,4129,4891,4924,4937,6082,8658,8662,9551,9552,9602,11722,14173,14176,15095,15096,15129,15130,18141,20707,20717,20725,20740
AHJJ;
AHKL;15966,17974,18001,20751
AHKN;
AHKO;478,2266,4947,4948,4949,5621,8209,8671,16032,17387,17388,18165,20613
AHKP;34,8644,11989,15969
AHKR;4949,16032,17387,17388,18157,20118,20613
AHKS;
AHKT;17387,18157,18165
AHKU;4949
AHKW;34,3675,4948
AHLL;6119,8973,9848,11735,15966
AHLM;20052,20618
AHLO;7952,19918,20131
AHLR;
AHLS;
AHLT;
AHLU;7806
AHLY;7983
AHMO;
AHMR;
AHMS;
AHMT;
AHMU;
AHMW;6946,18231
AHNO;498,3725,4933,4976,7992,19781,20698
AHNR;4933,6759,7395,7983,7992,12971,16079,16108,18231,19798
AHNS;
AHNT;20605,20795
AHNU;20799
AHNW;1740,2697,6332,6769,6958,10815,11997,12089,13262,14221,15158,18231
AHNY;4891,4937,4976,7983,20127,20778,20779,20795,20803
AHOP;337,498,1316,3911,3957,4704,4712,4718,13895,14241,14930,14954,15095,16083,16122,17245,17945,17970,18119,18281,18291,20043,20130,20131,20132,20146,20150,20151,20152,20155,20591,20605,20655,20739,20791,20805,20806,20807,20809
AHOR;16122
AHOS;17972
AHOT;498,3725,4718,4976,5448,15095,17317,17970,18291,20605,20728,20795,20798,20809
AHOW;6769,6958,14221,15954,17966,17972,18043,20759
AHOX;1507,4976,6780,15087,16106,17959,20043,20132,20713,20718,20778,20779,20809
AHOY;4976,7963,12001,12002,14093,14184,14241,14242,15095,15130,16045,17970,18291,20591
AHPR;20805
AHPS;
AHPT;498,15095,15117,20052,20129,20139,20146,20150,20151,20605,20638,20677,20780,20798,20805,20809
AHPU;1316,7993,9980,12104,14954,15086,17411,18220,18291,20677,20798
AHPW;34,5913,8644,14139
AHRS;
AHRT;
AHSS;
AHST;
AHSW;
AHSY;
AHTT;491,494,498,3497,4937,4947,4965,4976,7948,7949,20809
AHTU;
AHTW;6332
AHYZ;9600,12046,12814,14159,16045,20779
AIIL;16155,17016,17974,17985,18323,18331
AIIN;1523,5021,8037,16163,17024,17253,17983,17985,18310,18322,18323,18326,18329,19686,20249,20270,20822,20830,20920,20923
AIIX;2731,5021,8036,9622,11781,11790,12149,14305,14324,15087,15229,17470,20043,20927
AIJL;6172,8004,11730
AIJO;7886,8004
AIJS;4986,8717,12142,15004,19822
AIKK;13792
AIKL;
AIKM;
AIKN;
AIKP;4739,15969
AIKR;5629,6176
AIKS;
AIKT;9126,10009
AIKU;6175
AIKV;7253,7475,15006
AIKZ;16209,18331,18535,20179,20830
AILM;
AILN;
AILP;
AILR;
AILS;
AILT;
AILV;
AILW;511,1532,6152,6176,20592,20815,20998
AILX;15087,15297,19662,19829,21129
AILZ;12024,12178,20679
AIMM;13,4739,5160,11744,11871,19854
AIMN;
AIMO;7501,8063,16253,18652
AIMP;4695,4889,14139
AIMR;
AIMS;
AIMX;
AINN;
AINO;18310,20730
AINP;
AINR;
AINS;
AINT;
AINU;12982
AINV;
AINW;7584,16382
AINY;6214,12378
AINZ;20830
AIOT;15508,19102,21242,21246
AIPP;8234,16351
AIPR;
AIPS;
AIPT;4889,12141
AIQU;19102
AIRS;
AIRT;
AIRV;
AIRW;1532,5041,6176,8644,8722,9583,12409,15317
AIRY;20525
AIRZ;12024,12073,12178
AISS;
AIST;
AISV;
AISW;
AISX;544,1667,7921,8345,8510,9926
AITT;
AITU;2356,2358,5231,6174,11116,11279,12402,12465,18351,19102,19114
AITV;19948
AITW;12409,15317,20815,20843,20998
AITX;5021,12043,12391,12435,12465,20927,21129,21246
AITZ;530,2358,3257,3271,4659,4931,5081,5142,5811,7884,8504,10009,10549,13351,13472,13866,14605,16209,16234,16414,17243,18535,18716,19082
AIVV;12171,16194,16308
AJKR;15186
AJKS;15187,20827
AJKU;15186,20530
AJLR;4381,15952,20290
AJMS;33,5037,8717,11987,12480,20827
AJNN;11930
AJOS;11310
AJOT;2868,9719,11930,12484,16468
AJPR;
AJPS;11988,20965
AJPU;
AJRS;
AJRU;9629,9997,11931,15186,19169,20530
AJSS;5037,5038,5039,8464,12253,12714,21297
AJSW;8550,11988,14646,15054,16474
AJSY;20293
AJXY;
AJYZ;
AJZZ;
AKKO;478,5357,5591,5638,6174
AKKR;595,663,691,8465
AKKS;
AKKY;
AKLN;4947,4948
AKLO;6393,7037,7039,14905,16480,17122,19178,19182,20751,21299,21302
AKLP;
AKLR;6176,8722,9721,14905
AKLT;
AKLU;13932
AKLW;1147,6152,6176,8722,20751,20815,21299,21302
AKLY;
AKMO;8209,8671,14656,20531,21299
AKMR;
AKMS;
AKMW;
AKNO;
AKNP;4739
AKNR;
AKNS;
AKNT;
AKNU;5619,12950
AKNW;8048,15358,20977
AKNY;11313
AKOP;
AKOR;
AKOS;
AKOT;8209,8671,8672
AKOY;1783,4832,4833,11313,17388,20531,20532
AKPR;12091,17124
AKPS;
AKPU;
AKPW;34,3761,8644,8722
AKRR;4832,12089,12494,19667,20530
AKRS;
AKRT;
AKRU;
AKRW;
AKRY;11587,18157
AKSS;
AKST;
AKSU;
AKSV;5714,7049,10579,10755,10765,11344,11347,16488,16501
AKSW;
AKSY;
AKTU;
AKTY;4032,16493,18157
AKUW;
ALLL;604,649,5056,6222,7794,9670,11783,12272,14906,20998,21000
ALLM;
ALLO;16150,18521
ALLP;
ALLS;
ALLT;326,447,2718,8009,13068,15196,20189,20327,20998
ALLW;6134,6176,20998
ALLY;
ALMM;12510
ALMO;
ALMP;15368,20124,20762,20772
ALMR;
ALMS;
ALMT;
ALMU;
ALMY;
ALNO;
ALNP;441
ALNR;
ALNT;
ALNU;
ALNW;
ALNX;1222,1413,4464,4472,9622,10177,13556,13559,16604,21129
ALOO;1644,5120,9606,14724,19387,20873,21111,21384
ALOP;
ALOR;
ALOS;
ALOT;
ALOV;
ALOW;
ALOZ;7954,8072,21378
ALPP;
ALPS;
ALPT;
ALPU;
ALPW;5913,19354
ALPY;
ALRS;
ALRY;
ALSS;
ALST;
ALSU;
ALSV;
ALSW;
ALSY;
ALTU;
ALTW;12962,19968,20843,20998
ALUU;6255,7695,8159,8693,8746,9446,9731,10416,11418,11682,12325,12371,12374,12483,14739,15388,18863,19421,19425,19798,19842,19847,20770,21129,21370
ALUV;8155
ALUW;12537,20596,20998
ALWW;20592
ALWY;
ALYZ;6810,7550,16045,20779
AMMO;3318,4428,12612,13521,13522,13811,13826,14025,15352,16032,21049
AMMR;9738,11871,15352,19854,20182,20698
AMMS;
AMMU;7672,8777,9738,12510,16668
AMNO;19194
AMNS;
AMNU;
AMNW;
AMNY;
AMOR;
AMOS;15404
AMOT;8209
AMOU;
AMOW;
AMOX;558
AMOY;11722,11770,17411
AMPR;15405
AMPS;
AMPT;2693,4889,20677
AMPU;10318,16668,17411,20791
AMPV;9938,12312
AMRS;
AMRT;
AMRU;16668
AMRW;15566,16574,16727
AMRY;
AMSS;
AMST;
AMSU;
AMSW;
AMSY;
AMTT;4965,6140,20677,21052,21089,21096
AMTU;
AMTY;
AMYZ;3586,12046
ANNO;
ANNS;15072,19643,19823
ANOR;
ANOS;
ANOT;4973
ANOV;2915,5321,8155,21350
ANOW;1563
ANOX;
ANOZ;4973,5321,21423
ANPS;
ANPT;
ANPU;
ANPW;19354
ANRS;
ANRT;
ANRU;
ANRW;
ANRY;
ANSS;
ANST;
ANSU;
ANSV;15151
ANSW;
ANSY;
ANTU;
ANTV;8690,11778,11815,19948,20826
ANTW;
ANUU;2891,3646,7695,8159,8285,9446,9488,9731,9746,11418,11658,11682,11885,12098,12325,12425,12483,12886,12927,14222,14758,14788,14945,15408,17510,19707,19798,19842,19847,20316,20928,21129,21370,21421
ANUY;2054,8830,12950
ANVY;2054,2852,4856,7086,8155,12440,14715,15006,15922,17849,19377,19483,19562
ANWY;1740
ANYZ;7704,16681,20572,20779
AOPR;
AOPS;
AOPT;
AOPU;7944,8960,13176,17411,18893,20146,20576
AORR;20934
AORS;
AORT;
AORU;10429,20799
AORV;8482,21178
AORW;18626,19082
AORY;
AOSS;
AOST;
AOSV;2070,5315
AOSY;19406
AOTU;16709,20541
AOTY;7196,7783
AOVW;10076
APPR;21067
APPS;9613,20788
APPU;20576
APPY;
APRR;11664,12073,20726
APRS;
APRT;
APRU;5262
APRW;8644,8722
APRY;
APSS;
APST;
APSU;
APSV;
APSW;
APSY;
APSZ;11814,12459,18086,18125,19097,19401,20639,21368,21383
APTU;7944
APTY;
APUY;8807,9980,17411,20155
APUZ;18632,18953,19129
APWY;19354
AQST;
AQTU;
AQUY;5253
ARRY;
ARSS;
ARST;
ARSU;
ARSV;
ARSW;
ARSY;
ARTT;
ARTU;
ARTW;
ARTY;
ARTZ;155,2264,3271,4931,5142,5811,7766,8179,8504,10729,11519,12178,13472,14793,15482,15739,16146,16209,17110,17243,19082,20572
ARUV;574,1146,3532,7947,9418,9644,12446,20472,20496,21000
ARUW;11943,12537,17924
ARVY;
ARWY;1798,8640,11674
ARXY;5009,10297,11035,13517,14536,14680,15297,16566,18645,18862,21029,21084
ARZZ;579,7788,9927,17110,17237
ASSS;165,435,2684,2926,5333,12566,12594,15431,20156,21431
ASST;
ASSV;5315,12521,15413
ASSW;
ASSY;20829
ASTT;
ASTU;
ASTV;
ASTW;
ASTY;
ASUV;2070,9601,12245
ASUY;15665,18869,19286
ASVV;30,48,51
ASVW;
ASWW;12998,13007,13009,15145,15146,15410,15416,15429,20759,20804,21414,21455
ASWY;
ASYY;1585,1591,5564,7812,8570,13724,19290,19991,20013,20750,20802,21315,21358
ATTT;12222
ATTU;10976,11143,15544,16425,16630,21052
ATTW;12409,15917,20596,20843,21235
ATUV;
ATWY;
AVWY;
AWXY;
AWYY;
AWZZ;
BBBI;586,5344
BBCO;21515
BBEI;
BBEL;21560
BBES;
BBIJ;21665
BBIS;5401,21663,21674,21679
BBLO;5357
BBLU;21523,21556
BBMO;
BBOO;
BBOS;21641,21679
BBOU;661,5398,5495,5573,21492,21659
BBRU;5370
BBSU;
BBUU;21476,21500,21608,21661
BCEI;21890,21893,21937,21943,21947,21976,21995,21997,22012,22033
BCEK;664,5354,5589,21724,21725,22061
BCEU;73,5974,5981,22004,22076
BCHI;21724,21976,22087
BCHU;
BCIR;21782,21943
BCKO;5621,5638,21725
BCKU;5358,5406,6175
BCLO;683,752,971,21768,22133
BCLU;5406,6134,6147,6149,6254,21748,21765,21812,21817,22087,22092,22133,22160
BCMO;
BCOS;21758,21932
BCRU;70
BCSU;22193
BDEE;
BDEI;
BDEL;
BDEN;
BDEO;
BDER;
BDES;
BDET;
BDEU;
BDEY;
BDII;69,21767,21847,22292,22378,22774,22776
BDIN;
BDIR;21841,22292,22293,22759,22766,22781,22788
BDIS;106,109,111,1130,1139,5593
BDIU;6801,21840,21847
BDLO;21841
BDLU;22739,22741
BDMU;6804,21847
BDNO;
BDNU;
BDOO;22733
BDOR;21841,22292,22293
BDOS;
BDOU;6801,22739
BDOY;21858,22783
BDRU;22759,22788
BDSU;
BEEF;704,5413,6904,22915,22919,22935
BEEH;21561,22867
BEEL;
BEEN;21558
BEEP;5598,5663,6411,7020,22386,22461
BEER;
BEES;
BEET;5839,7155,21890
BEGI;
BEGO;21595
BEGR;
BEGS;7224
BEGY;124
BEHL;22867,22919,23005,23016,23022
BEHR;22577,22867,23000,23309
BEHT;23328,23535
BEIJ;5871,5941,21890,21893,21937,21947,21997,22012
BEIK;7253,21724
BEIL;
BEIN;21724
BEIR;
BEIS;
BEIT;21890
BEIV;1363,1365,5806,7253,7475,21890,21893
BEIX;1071,5803,5972,6403,6494,22011,23272
BEIZ;
BEJN;585,5485,7029,7031,7032,7636,21599,21909,21947,21997,22012,23723
BEJO;585,7029,7032,7636,23723
BEJU;6368,23385
BEKM;5945,21981,23056,23475
BEKO;
BEKR;22844,22888
BEKS;
BEKU;1377,23731
BEKY;21500,22060,23734
BELL;23466
BELO;23292
BELP;134,5521,5894,7340,7348,21962,22004,22021
BELS;
BELT;
BELU;22004
BELW;802,809,1240,1424,22963
BELY;21810
BEMO;
BEMR;23494,23539
BEMW;23494
BENO;
BENR;22845
BENS;
BENT;
BENU;23147,23511,23734
BENW;6872,7087,23261,23303,23500,23549,23697
BEOO;598,5898,5924,6963,7325,7368,7584,21477,21595,22080,23468,23531,23535,23573,23704
BEOP;1316,5898,5991,7340,7584,21996,22707,23088,23292,23350,23531,23535
BEOR;
BEOS;
BEOT;598,5839
BEOY;7721,7783,21492,21937,23292,23609
BEPU;1316,5521,22004,22086,22707,23535
BERR;
BERS;
BERU;
BERV;
BERW;844,1318,6018,23494,23500,23697
BERY;
BEST;
BESW;22870
BESY;
BETU;
BETY;21500,21810,21936,21937,21938,22068,22549,23538
BEUZ;22004,23296
BEVY;6928,6933,7715
BFFI;1253,6886
BFFO;6887
BFFU;
BFIR;
BFIS;5617,6081,6084,6086,7802,7817,21861,22526,22732,22852,23267,23283,23835,23839
BFLO;1108,1261,1266,1454,5865,7160,7806,7827,22349,22739,22741,23292,23297,23837
BFLU;21870,22087,22739,22741,22935,23268,23299,23823
BFMU;22288
BFOR;1266,1453,7207,7806,7827,21664,22741,23843
BFOS;5863,6725,7802,7807,22307,22354,23283
BFOU;7806,7827,22288,22733,22739,22741,23837
BFOY;21937,23292
BFSU;4,6083
BGGI;21665,22947
BGIL;
BGIN;
BGIO;
BGIR;7874,21841,23880
BGIS;
BGLO;23874
BGNO;22114
BGNU;
BGOO;7944,22254,23307,23862,23874,23877
BGOR;21841
BGOS;
BGOY;6331,7860
BGRU;
BGSU;
BHIS;21663,21669,22380,22773,23011,23856,23990
BHLU;1275,1462,6096,6134,6147,6149,6735,7806,21667,21877,22087,22092,22133,22919,23268,23823,23875
BHOO;21972,21980,22125,22733,23350,23468,23531,23875
BHOS;21669,22096,23017,23523,23529,23990,24012,24013
BHOT;7948,23980
BHRU;6334,6776,6966,7371,7375,7947
BHSU;23528,24018
BHTU;21667,23268,23823
BIIS;914,1321,1494,1495,5350,21621,21678,21679,22116,22921,22923,23040,23282,23904,23907,24040,24048
BIJS;
BIKL;21841,23862
BIKN;21724,23975
BIKR;
BIKS;5593,5617,5627
BIKU;6175,6801
BILL;6175,22087,23823
BILM;22876
BILN;22087,22164
BILO;22294,24039
BILP;21962,22125,22341,23088,23091,23930
BILR;
BILS;
BILT;21515,23980,23991,23994
BIMN;21850,22802,23110,23305,23321
BIMR;23494,23539,23887,24045
BIMS;22880
BIMZ;5559,22876
BINR;
BINS;
BINT;22816,23697
BINY;5752,6213,6214,22147,22291,24054
BIOR;1121,1146
BIOS;
BIOT;
BIRR;22089,22172,22774,22781,23821,23828,23832,23880,23955,24004
BIRS;
BIRT;1569
BISS;21848
BIST;
BISV;1139,6218,8094,8123,24079
BITT;7948
BJOS;6822,24007
BKLU;
BKNO;
BKNU;5619,23975
BKOO;6801,22131
BKOR;
BKOS;
BKOU;1577,6801,22544,22607
BKOY;23734
BKRU;22114
BKSU;
BLLO;22739,22867,23292,23466
BLLU;22087,22739,23823
BLOO;
BLOS;
BLOT;21515,22832,22833,23862,23874,23938,23980,23991,23994
BLOW;21854,22135,22178,22298,22833
BLRU;22741
BLRY;924,5629,23833
BLSU;
BMNU;22288,23321
BMOO;23468
BMOR;24045
BMOS;
BMOT;21696,22073,23295
BMOU;22160,23295,23550,23602
BMOW;21850
BMOY;7963,8071,8072,8098,23833,23976,23994,24045,24046
BMPU;
BMSU;
BNNU;22299
BNOO;22280,22299,22581,22703,22733,23531,23573
BNOR;
BNOS;
BNOU;7667,23263
BNOY;22147
BNRU;
BNSU;
BNTU;24027
BOOR;6963,21477,22080,22172
BOOS;
BOOT;
BOOY;
BOOZ;22148
BOPR;737,938,5547,6169,6758,6832,8183,21664,21857,21858,22114,22172,23878,24084,24118
BOPS;6227,7984,8107,24020,24081
BORS;
BORT;
BORW;22135,22178,22292,22833
BORY;
BOSS;21758,22193
BOST;
BOSV;1116,7906,21809,23134,23396,23476
BOSW;
BOSY;
BOTT;23877
BOTU;
BOTY;5839,21679,21937,22549
BOUY;21492,21757,23025,23609,23875,23967
BOUZ;8179,23981
BOXY;1435,21756,23531
BPRU;21857,21858,22086,22114,23878,24069,24084,24118
BPSU;23876
BPUY;7993,21858,22141,23875
BRRR;843,5778,6063,6708,6720,6901,7784,7788,8042,8117,22061,22077,22082,22335,22890,23014,23705
BRRU;8035
BRSU;
BRTU;
BRUX;8036
BRUY;21858,22799
BSSU;21848,22738,22785
BSTU;
BSUY;
BTTU;
BUZZ;23296
CCEE;1652,5598,8195,8196,8339,8348,8349,8365,8371,8381,8387,8395,8398,21721,24183,24277,24293,24326,24339,24343,24345,24346,24356,24361
CCEO;1658,8199,8207,24131,24326,24343,24346,24356,24387,24481,24498,24528
CCHI;24623
CCHO;
CCKO;
CCOO;21747,24221,24227,24247,24262,24270,24356,24380,24521,24522,24525,24526,24527,24528,24554,24565,24604,24609,24610,24617,24698,24713,24720,24725,24727
CCOR;8632,8795,21756,24725
CCOY;21756,21757,24356,24429,24439,24498,24541,24552,24642,24698,24707,24728,24731
CDEE;21458,21773
CDEI;
CDEK;
CDEO;
CDER;
CDEU;
CDHI;8296,9551,9552,9578,9602,24252,25776
CDIK;208,1990,5738,25840
CDIO;
CDIS;
CDIT;21840,25696
CDIU;9411,21840,24200,24251,24849,25137
CDKO;591,747,2059,5368,5738,9721,21854,24258,25840,25870
CDKU;9721,24258,25875
CDLO;21768,21854,25787
CDNO;2071,8901,9724
CDOO;1644,8303,8322,9606,9686,21768,21854,24258,24264,24847,25701,25750,25840
CDOR;
CDOS;
CDOU;24251,24258,25751,25791
CDRU;70,213,1645,8302,25875
CDSU;
CDTU;21840,25696,25875
CEEH;
CEEP;26086
CEER;
CEES;26693
CEET;8365,24308,24803
CEEX;9078,10220,10260,25964,26531,26744
CEFH;24288
CEFI;9113,24363,24957,26838
CEFK;2170,9113,9126,10308,10345,21935,24288,24370,26887
CEFL;24363,24807,24957,25287
CEFY;2167,5595,8835,8836,10344,21937,24370,25270,25291,26147,26154,26837
CEGK;793,2206,5688,10494,10496,10504,21958,25305,26969,26974
CEGL;25309,25327,25936,26215,26922,26940,26941,26984,27031,27051
CEHH;1866,10444,21960,24273,24387,25345,25346,26810
CEHK;21981
CEHL;
CEHM;25902
CEHO;
CEHP;27270
CEHR;
CEHS;
CEHT;
CEHW;
CEHY;27384
CEHZ;199,8462,9904,9927,10809,10887,10888,24415,25390,26327,26329,26929,27158,27164,27189,27218,27335,27357,27378,27387
CEIL;
CEIM;
CEIN;
CEIP;10943
CEIR;
CEIS;
CEIT;
CEIV;
CEIW;10068,10398,11142,11303,24172,24748,25971
CEKK;595,5589,8465,8506,10366,10645,10982,11320,21725,24387
CEKM;835,1920,1923,2267,2413,5945,8349,8465,10898
CEKN;22060,24277,25903,26969
CEKO;
CEKP;1668,2407
CEKR;
CEKU;26617,27884
CELL;26030,26629
CELM;
CELO;
CELS;
CELT;
CELU;2421
CELW;2425,11118
CEMO;
CEMR;
CEMY;22076,25101,27492,28019
CENO;
CENS;27394
CENT;
CENU;25928
CEOP;26086
CEOR;
CEOS;
CEOT;26086
CEOV;
CEOZ;
CEPR;
CEPS;
CEPU;
CERS;
CERT;
CERU;25928
CERW;
CESS;
CEST;
CESU;
CESY;851,873,2209
CETU;
CETY;5839,21937
CFFO;11586
CFFU;10318,25696
CFIL;24957
CFIO;1973,5588,11586,11640,21937,24562,28120,28164,28177
CFIS;
CFIU;8404,9142,9541,11634,11651,11658,21840,24200,24567,24956,24957,26125,26795,26838,26866,26869,28172
CFKU;11642,21939,26884
CFLO;24963,26135,26828,28148,28183
CFNO;24370,24843,25697,28132,28183
CFOO;8833,9543,11654,11681,11685,22089,24565,25296,25701,25707,25708,26086,26795,26871,26887,28161,28164,28168,28169,28177,28183
CFOR;1973,8598,8607,11586,11594,11624,11639,11640,11671,11677,11681,24843,25704,28115,28141,28147,28159,28177,28183
CFOT;10306,11688,21937,24562,24569,24950,24962,26086,26149,26904,28120,28145,28148,28180,28185
CFRU;24200,24567,24843,25923,25928,26147,26787,26866,28134,28172,28183,28187
CFSU;
CGHO;2573,10444,10475,10476,11594,11769,11770,11771,28212
CGHU;24374,24580
CGIS;5873,6094,9552,9554,11593,11609,11711,11764,11820,21842,21942,22110,24575,26170,28308
CGKU;6100,21958,22114,26961
CGLO;1981,8199,26215,26219
CGOR;28262,28435
CGOS;893,11820
CGSU;1664,10516,10594,21842,22110,24992,25718,28308
CHIK;25943
CHIL;
CHIM;
CHIN;
CHIP;
CHIR;
CHIS;
CHIT;
CHIU;2621,2623,10629,10723,24415,26289,26933
CHIV;11732,28453
CHIW;8644,11968,12052
CHIZ;8462,9600,12035,12046,12073,24415,26929,27164,27189,27268,28552
CHKO;21844
CHKU;21981
CHLO;22133
CHLY;2693,9607,22134,28262,28263,28445,28577,28578
CHMO;
CHMU;2180,21981
CHNO;21844,22133
CHOO;25797
CHOP;28455
CHOR;
CHOS;
CHOT;
CHOU;12024,21844,25751,25754,25791
CHOW;22133,22135,25750,25751,25794,25796,25797
CHRU;
CHSU;
CHTU;
CHUY;10739,21887,26962,27269,27274
CHWY;1740,8640
CIKK;22153
CIKL;6152,6175,6176,11730,12257
CIKM;916,10898,11700
CIKN;24277,25903,26969,28266,28614
CIKP;1752,24135,24277,25903,28495
CIKR;28281
CIKS;
CIKT;84,2747,28160
CIKW;6152,28494
CIKY;
CILL;28124,28160,28622,28716
CILO;
CILP;
CILR;6176,8722,9624,11626,21504,22138,24652,28275,28276,28277,28294,28302
CILT;
CIMO;28714
CIMR;
CIMS;28269,28606
CINO;
CINQ;
CINU;28691
CINZ;10023,11096,11240,11776,26367,26372
CIOR;28164
CIOT;21893,21937
CIOX;8510,24131,27054,28746
CIOZ;22148,24703,24705,28461,28806,28807
CIPR;24703,28428
CIPS;
CIPY;12216,25819
CIRS;
CIRT;
CIRU;
CIRY;2051,2562,8325,9541,9629,22088,28523,28761
CISS;28601
CIST;28269,28606
CITU;2600,2825,12402,12465,28778
CITY;2606,8716,12233,12475,21937,27110,28804
CJKO;26215
CJOO;9719,12484,27888
CJOU;9661,9719,27884
CKLO;
CKLU;
CKMO;1783,6231,8209,8671,12086,12485,26241
CKMU;25875
CKNO;5621,9723,24135,26241,28453,28494
CKOO;5403,21854,25870
CKOP;2871,12091,22114,24135,25840,28144,28164,28495
CKOR;
CKOS;
CKOT;2747,12254,28160,28613
CKOW;21854,25840,25870,26442,28829
CKOY;
CKPU;22114,25875
CKRU;
CKSU;
CKTU;5406,26617,27884
CKUY;21500
CLLO;21768,28160,28261,28593
CLLU;6134,6147,6156,6175,8901,11324,12003,22087,27582,28622,28716
CLMU;6184,26466
CLNO;
CLOO;5755,8193,21768,21854,24264,24343
CLOP;22133,26312,26677,28578
CLOS;
CLOT;
CLOU;
CLOW;21854,22135
CLOY;28239
CLRU;
CLSU;
CLTU;
CMMO;22160,28152,28240,28396,28763
CMOO;12490,28842,28862
CMOP;28763
CMOR;25888,28842,28860
CMOS;
CMSU;
CMSW;9724,10816,11338,11968,12042,25653,26269,26701,26707,27253,27267,28025,28528,28606,28825,28859
CMSY;21490,24138
CNNO;24619,25791,25870,25884,28439
CNOO;
CNOR;
CNOS;
CNOU;8901,25751,25791
CNOY;
CNRU;25928,26146
CNSY;28288,28777
CNTU;
COOP;22172,24703,24720,25840,28164,28177
COOS;
COOT;598,12402,12465,22148,28778
COPR;22172,24698,24703,25840,28164,28177,28435
COPS;
COPU;
COPW;8635,9728,22133,25840
COPY;22172,25804,28120,28177,28263,28435
CORS;
CORT;28842
CORU;
CORW;6145,8676,11622,11675,12091,12534,22135
CORY;24698,24731,28177,28713,28761,28782
COSS;28600
COST;
COSW;2859,24269
COSY;12475,12597,28609,28684,28686,28884
COTT;
COWY;11118,26632
COXY;2760,10872,11567,12296,12475,21756,25661,26751,26771,26776,27811,27915,27986,28060,28746
COYZ;
CPSU;22097
CRRU;
CRSU;
CRSY;22128,24731,25760,28587,28878,28884
CRTU;
CRUX;299,22063,25483,25964,26610,26714,26744
CSSU;
CSTU;24736
CSTY;1788,2061,6218,12297
DDEE;29018
DDEI;
DDEO;
DDER;
DDEU;
DDEY;8222,8835,8875,29173
DDIO;22296,29325
DDIY;12808,12975,24854
DDOO;8891,21768,22280,24847,24850,28921,29295,29325,29341
DDOS;24855,29296,29323
DDOW;22292,22294,22296,22298,29295,29325
DDRU;1820,6334,12955,12980,22300,24843,29341
DDSU;29293,29296,29313,29333,29340
DEEF;
DEEG;3023,13041,13209
DEEH;29951,29970,30001
DEEI;13209
DEEJ;12715,13481,13482,13483,13484,25066,25067,29023,29878,30086,30090,30091,30332,30334
DEEK;
DEEL;
DEEM;
DEEN;
DEEP;13209,22341
DEER;
DEES;
DEET;
DEEV;
DEEW;
DEEX;
DEEY;
DEFI;22517,30650
DEFL;
DEFN;5362,9150,22301,29369,30738
DEFO;22517,24158,30606
DEFS;
DEFT;30622
DEFU;24200,30667
DEFY;
DEGI;311
DEGL;
DEGO;13904
DEGR;
DEGS;
DEGU;
DEGY;
DEHI;22378,29970,30610
DEHL;
DEHN;29353,29369
DEHO;
DEHR;
DEHS;
DEHU;2950,29190,29783,29970,30001,30607,30809,31085
DEHY;22569,22570,25270,30610,31099
DEIJ;3222,30086
DEIK;
DEIL;31218
DEIM;
DEIN;
DEIP;12660
DEIR;
DEIS;
DEIT;
DEIV;
DEIW;
DEKO;
DEKR;
DEKS;
DEKU;14346,22544
DEKY;3291,3294
DELL;
DELM;
DELN;
DELO;
DELP;
DELS;
DELT;
DELU;31218
DELV;
DELW;
DELY;
DEMN;31707
DEMO;
DEMR;
DEMS;
DEMY;25270,25460,30610,30651,30655,31243,31245,31290,31310
DENO;
DENP;31775
DENR;
DENS;
DENT;
DENU;
DENV;
DENW;
DENY;
DEOP;
DEOR;
DEOS;
DEOT;
DEOV;
DEOW;
DEOY;12922
DEOZ;30172
DEPS;
DEPU;29970
DERS;
DERU;
DERV;
DERW;
DERY;
DEST;
DESU;
DESV;
DESW;
DESY;
DESZ;29345
DETU;
DETY;
DEWY;
DEXY;14536,14680
DFFI;3394,25696,31845
DFFO;31845,31850
DFFU;25696
DFIN;9544,22734,25700,31854,31893
DFIO;14886,22517,31845,31885
DFIS;6723,8876,9537,9542,14883
DFLO;1108,1972,14911,31845,31885
DFNO;24158,25699,30738,31858
DFNU;
DFOO;9150,22733
DFOR;
DFOU;22739,29110,30716,30748,31853,31885,31897
DFOW;12952,13847,14906,24843,24869,30674,31872,31873,31874,31894
DFRY;3401,9541,14878,14880,14881,14911,22511,25700,29127,30593,30655,30678,31850,31870
DFSU;
DGIL;
DGIN;31854
DGIR;31951
DGIS;
DGIU;3456
DGLO;
DGNO;
DGNU;
DGOO;32066,32067
DGOS;
DGOW;1115,14931
DGOY;9551,25699,31858,31982
DGRU;
DGSU;
DHIL;28909,31049,31099,31870,31950,31951,31952,32082,32088,32089,32101,32110,32114
DHIN;22781,25753,25765,29931,31931,32084,32089,32093,32094,32119,32137
DHIS;25776,32082,32140,32142
DHIW;9583,14931,15101,21843,24162,25713,25753,29325,29947,32089
DHKU;21844,24258,25784
DHLO;24847,25765,25787,31874,31950,31951,31952,32147,32148
DHNO;22781,25713,25752,25765,25790,25792,31931,32084,32094,32137,32147,32155,32157
DHOO;1644,5446,8303,24258,24847,25765,25797,29325,32147
DHOS;
DHOT;3512,5446,5448,15078,15154,15165,15178,32081,32147,32156,32167
DHOW;6769,8303,8305,9606,9620,14221,14931,15158,15165,21843,22582,24258,25713,25750,25751,25794,25796,25797,29325,31874,31947,31950,31957,32137,32148,32157
DHOY;
DHOZ;1121,9600,13904,14147,14166,14202,25375,29946,29986,31053,31174,32155
DHSU;32153
DHTU;13313,32081
DIIM;21847,31854,31968
DIIN;29330,31854,31877
DIIR;22292,22774,22776,22799,30606,30647,31216,32221,32223
DIIV;3394
DIIX;9622,9636,15184
DIJN;3222,13355,14103,15082,15186,25833,30029,31978
DIJR;1128,3423,9661,15186,31978
DIKL;1990,15097,15191,15249,25732,25764,32021
DIKN;
DIKR;5738,21767,25840
DIKS;
DILL;326,22287,28921,31885
DILM;3541,15283,21850,22802,25765,31989,32038,32170,32236,32240
DILN;25753,32089
DILO;
DILR;32089
DILS;
DILV;
DILW;15289,21850,22294,25753,31947,32029,32089,32248
DILY;
DIMN;21850,31854,31968,32170,32240
DIMO;
DIMP;3541,15221,15307,25819,32083,32211,32236,32240
DIMS;
DIMU;3541,31256,32240
DINO;
DINR;
DINS;
DINT;22816
DINW;25753,31854,31941,31968,32089
DIOR;32277
DIOT;
DIOV;
DIOX;
DIPR;25840,31893,32083,32084,32218,32253
DIPS;
DIPT;8322,9686,15199,31931,32103,32171
DIQU;1134
DIRS;
DIRT;
DIRU;31897
DIRY;29914,31064,32127
DISS;31873,31969,32179
DIST;
DISU;29468
DISV;
DISY;22291
DITT;3403,9660
DITU;21840,25493,25696,31897,32174
DITY;31845,31887,31952,32098
DITZ;3240,3271,6623,9294,9305,9306,13382,13391,13408,13439,13449,13472,13866,14270,14278,14293,14313,14460,25003,29444,29504,29946,30199,30207,31304
DIXY;3612,9716,14536,25100,25101,29186,30327,31506,32218
DJOO;9719,15352,21461,22577
DJOU;9661,9719,22605,30331,30332,30333,31386,31672,31675
DJSU;31977
DJUY;2053,2054,9629,9718,25833,30331,30333
DKNO;9724,15358
DKNU;12950
DKNY;
DKOO;6801,14931,24258,24264
DKOR;591,747,1147,2059,5738,8327,15358
DKOU;6801,21828,22544,24258,25395,25495,30094,30791,31404
DKSU;
DKUU;21830,21844,22460,22673,24208,25611,25875
DLLO;21768,22287,22739,31885,32182
DLLU;2021,3463,6826,8901,9726,14933,15196,15261,22739,25841,31885
DLMO;21850,22802,22828,25765,32170,32236
DLOO;1644,24847,25844,32147
DLOP;25787,25844,31951,32147
DLOR;356,9721
DLOS;
DLOT;22832,25787,32147
DLOU;22739
DLOW;
DLOY;5368
DLSU;32189,32228
DLUY;25766,30564,30680,31094,31503,31921,31952,32044
DMOO;6838,15352,22828
DMOR;15352,22828
DMOS;3002
DMOU;
DMOY;13587,31756
DMPU;3541,15372,25875,32083,32211,32240
DMRU;32305
DMSU;32074
DNOO;22299,32066,32212
DNOP;14669,14685,14750,31775,32147
DNOS;
DNOU;
DNOW;25870
DNOY;31858
DNRU;
DNRY;
DNSU;
DNSY;22291
DNTU;
DNTY;25826,32095,32098,32120,32133
DNUY;3373
DNWY;29538
DOOP;8322,9686,15109,32133,32147,32165
DOOR;15352,15422,32277
DOOS;
DOOW;8303,14931,15422,21843,24258,25750,25751,25796,25840,25870,29325,29341,32157,32269,32305
DOPR;337,347,14930,25824,32013,32084,32218
DOPS;
DOPU;32165
DOPW;13736,25840,32248
DOPY;15432,21858,32165
DOQU;25212,25624,30001,30412
DORR;22838,32305
DORS;
DORT;22832,22833
DORU;
DORW;22292
DORY;
DOSS;31868,31903
DOST;
DOSU;
DOSW;
DOSY;5442,13854,15432,31369,32310,32311
DOSZ;22820,22843
DOTU;9721,9726,9760,15430
DOTW;25750,25796,29295,31897,32137,32157,32248,32269
DOTY;21556,31845,32081,32120
DOUX;1071,6555,25483,30684,30723,32127,32245
DOXY;32164,32218,32296
DOYZ;9600,14692,14737,29986,31174,31740
DPSU;22730
DPUU;14043,15388,24208,25611,25639,25875,29970,30776,31672,31697,31729,31838,32211,32240
DRRU;32272,32305
DRSU;
DRSY;
DRTU;9719,9721,9726,9760,15370,25875,31897
DRUY;22799
DSSU;22785,22834
DSTU;
DSUW;6828,9720,13040,14024,14859,22843,24269,29657,29876,30325,30376,31202,31631,31768,31851,32139
DTUY;2053,3639,5456,6535,6682,9526,9546,9718,9760,13858,14093,14737,15387,21858,22583,22799,30007,30375,30486,31887,32020,32081,32174,32223
DUUW;
EEEP;32336,32362,32421,32481
EEEW;6861,6866,6872,6885,9772,15503,15507,15583,22321,22864,22884,32387,32409,32417,32521,32546,32553,32761,32800,32805
EEFJ;29656,29669
EEFK;24288,32382,33060
EEFL;15440,22919
EEFM;32899
EEFN;33028
EEFR;
EEFS;
EEFT;3667,26125,32975
EEGH;3675,9767,15454,15702,15732,15738,22953,32886,33158,33161,33169,33207,33208,33209
EEGK;3684
EEGL;
EEGN;
EEGO;15702,32428,32885,33195,33334,33487
EEGP;33229
EEGR;
EEGS;
EEGU;3684,8960,13176,13214,26228,29763,32889,33209
EEGZ;9856,15758,15903,15936,29763,33120,33133,33227,33229,33245,33250,33314,33357,33362,33372,33377,33382,33401
EEHL;21561,23005,32496,32498,33204
EEHM;21561,24296,25011,33528
EEHR;
EEHT;
EEHW;6946,15703,32928,32940
EEIN;21558
EEJL;2110,13355,15844,15952,26215,29802
EEJP;12715,13483,25066,25154,30091
EEJR;12715,13483,15952,16468,25066,29023,30091,30332,30334
EEJS;
EEJT;16465,16468,29878
EEJZ;16184,30091
EEKK;5812,34386
EEKL;33873,34389
EEKM;24339,26308,33905,33907,34389,34401
EEKN;24277,25903
EEKP;
EEKR;
EEKS;
EEKT;10009,13485,34389
EEKW;33166
EELM;
EELP;
EELR;
EELS;
EELT;
EELV;
EELW;22949
EELY;23055,33000,33502,33554
EEMM;25101
EEMN;25902
EEMR;
EEMS;
EEMT;9814
EEMU;21525,32505
EEMV;15566,22896,32360,32474,32720,32783,34391
EEMW;2136,3717,6946,10068,15566,15645,15738,16038,16727,32950,33528,33570,33777
EEMZ;3811,7118,13348,15739,15798,15903,15991,15994,22876,25995,26327,26329,26372,26517,26526,29946,30199,32505,34154,34541
EENN;2133,24326
EENP;
EENR;21558
EENS;
EENT;
EENV;
EENW;
EENY;7031,7032,24289,33497,34198
EEOV;10076,21893,23134,33824,34059,34314
EEPP;1203,3774,8234,10245,13631,16265,16272,30051,33045,33989
EEPR;
EEPS;
EEPV;8365,9938,10041,25061,26395,33028,33586
EEPW;3797,3834,12728,33955
EERS;
EERT;
EERV;
EERW;
EERY;26771
EESS;
EEST;
EESV;
EESW;
EESX;
EESY;
EESZ;
EETT;7155,26513
EETV;
EETW;15701
EETY;3810,5839,7155,8346,24346,25100,25155,25251,26270,26617,26710,26712,26771,29081,30181,30375,33697,34401,34541
EEVY;6933,15855,29081,34003
EEWX;
EEZZ;9927
EFFI;1253,3845,9813,24363,25911,26792,34759
EFFJ;
EFFM;9116,9814,10308,16863,32376,32864,32873
EFFS;8403,16848,16877,24362
EFFT;3845,16872,34722
EFGL;10320,34805,34809,34814,34815
EFGS;2161,3859,16884,16894,34811,34907
EFHM;3869,3870,16965,16978,16997,26830,30610,34915,34916,34963,34964
EFHS;32936,34734
EFHT;30622
EFIK;32889,32923
EFIL;24363,32889,34759
EFIN;33028
EFIR;
EFIS;23283,35022,35048
EFIV;368,9142,17050,24866,24957,25911,29692,33028,34759
EFIW;25921,32400,33009
EFKR;22935,24288,32862,33059,33060,34718
EFKS;
EFKY;24370,26837,33059
EFLL;33058
EFLO;8197
EFLP;1262,2174,9820,9821,10411,17124,17173,22341,32960,35074,35215
EFLS;
EFLT;
EFLU;
EFLW;15616,16963,33009,35175
EFLX;3868
EFLY;
EFMR;
EFMS;
EFMU;2176,3880
EFNO;5362
EFNR;34825
EFNS;
EFNT;2174,3897
EFNU;23290,26125,26847,34760
EFOR;
EFOS;5863,24362,26149,26904,32940,34907
EFRS;
EFRT;
EFRY;30719
EFSS;
EFST;34907
EFSU;35048
EFSW;310,9826
EFSY;310,29678,32411,35048
EFTT;34905
EFTW;
EFUZ;1265,3850,17059
EGGL;
EGGS;33154
EGGT;17239,17270
EGGY;
EGHP;23350,26921,26959,33204,35275,35373,35380,35403,35425,35463,35497,35506,35510,35525,35530,35539
EGHU;3103,15702,17362,17365,34816
EGIL;
EGIN;
EGIS;
EGIT;15794
EGIV;3962
EGKS;23451
EGLN;
EGLO;
EGLS;
EGLT;36001,36003,36017
EGLU;
EGLY;
EGMN;
EGMR;
EGMS;
EGMU;2180,3684,35377
EGNO;21595
EGNR;
EGNS;
EGNT;
EGNU;
EGOR;
EGOS;
EGOT;26215
EGOV;
EGOY;10471,17388,27073
EGPS;
EGRS;
EGRT;
EGRU;
EGRW;29140,35414,35521
EGRX;3858,4063,9850,16956,17429,17435,17652,27104,30991,32897,33233,34866,35350,35808,35975
EGRY;34805
EGSS;
EGST;
EGSU;
EGTU;21958
EGTY;
EGVY;6933,15855
EHHS;8430,15953,21960,29751,29772,33500,33501,33504,36075,36094
EHHT;23328,23466,23467,29179,30780,35377,35379,36087
EHIK;17974,25943,27194
EHIL;4114,17974,28909,31099,32496,32498,34805
EHIR;
EHIS;
EHIV;33586
EHJU;8962,14103
EHKO;16032,17387,18156,36180
EHKS;
EHKT;17387,18165
EHKU;21880,21981,23510,23511,27346,32519,32520,33522,33645
EHKY;16028,18004,36165
EHLL;119,594,630,1273,1275,1302,1873,3940,4143,5788,7225,9848,15966,17389,23268,32496,33528,34824,34962,36102
EHLM;35385,36192,36199
EHLO;
EHLP;32498,32499,35425
EHLR;34803,34805,34825
EHLU;22919,23268,31167,32945,33551,34954
EHLY;29661,34737
EHMO;23468
EHMP;14139,23468,36260,36427
EHMR;
EHMS;23528
EHMT;
EHMV;10824
EHNO;
EHNR;4166,16079
EHNS;
EHNT;
EHNW;14221,18231,22582,23533,30818,35378,35521
EHNY;
EHOP;3911,7340,17945,18073,35380,35425
EHOR;
EHOS;
EHOT;24389
EHOV;
EHOW;14221,33586
EHPS;
EHPT;21962,27142,27156,27168,27175,27177,27270,32499,36102,36309,36448
EHPW;14139,18101,27278,35538,36417
EHPY;26352,26959,27177,35380,35539
EHRS;
EHRT;
EHRU;30607,33751,36142
EHRY;31174,34737,34805
EHSS;
EHST;
EHSU;23528,32549,32936,33577,33594,33599,34738,36130,36145
EHSW;
EHSY;
EHTT;23535
EHTW;
EHTY;35530,35539,36448
EHWW;16022,18023,18151,33499
EHWY;34737
EIJV;21890,21893,26364
EIKK;385,10366,10645,17974,18325
EIKL;
EIKM;5945,23592
EIKN;
EIKP;4112,18331
EIKR;
EIKS;
EIKT;18325,36847
EIKV;27207,27620,27621
EIKY;
EILM;
EILN;
EILP;
EILR;
EILS;
EILT;
EILU;24807,24957,29674,30626,31216
EILV;
EILW;33904
EILX;24131,25326
EIMM;
EIMN;
EIMR;
EIMS;
EIMT;
EINN;
EINO;33372
EINP;
EINR;
EINS;
EINT;
EINV;
EINW;
EINX;
EINZ;24457
EIOU;8458,10561,10979,12879,13997,14570,17710,18998,21735,21932,21976,22032,22034,23119,24323,24827,24831,25493,26084,26795,27735,30595,30769,31386,31404,31512,31546,31631,32940,33585,33857,34314,36246,37125
EIOW;18538
EIPP;
EIPR;
EIPS;
EIPT;26015
EIPW;33955,35762
EIPY;14169,31243
EIPZ;22004
EIRS;
EIRT;
EIRU;
EIRV;
EIRW;
EISS;
EIST;
EISV;
EISW;
EISZ;
EITT;32465,32677,33250,36725,36847
EITU;
EITV;
EITW;
EITX;
EITY;21937,37379
EITZ;2358,3257,3271,8504,10549,13472,13866,16209,16234,18535,18716,24415,24444,24447,25987,27420,27560,32583,32671,32970,33227,33848,33971,35545,35678
EIVV;16194,16350,18322,23573,33309,33830
EIVW;
EJKO;26215,36830
EJKR;
EJKU;27884,36830
EJLL;1919,7030,32568
EJLO;7032,7460,7636,26215
EJNO;585,7029
EJOS;19170,30599,33254,37413,37414,37418
EJOY;21937,37417
EJPU;25066,30091
EJRU;4388,36523
EJSS;36835,36837
EJST;
EJSW;3754,8550,14646,16474,23586,36837
EJTU;4388,21650,25492,27884,31383,31386,33885,36523
EJUV;
EJUX;19170,31386,36846
EKKS;36348
EKLL;715,1919,10645,11324,18521,19176,24473,27193,33058,36830
EKLO;16480,17804,33257,33643,36854
EKLP;390,2405,2406,2407,4393,17124,17804,18331,18550
EKLS;
EKLT;21939
EKLU;1377,7641,23726,26617,30094,30338,31394,31679,33522,33890,34389,36530,36830,36859,36877,36878,36880,37422,37423
EKLW;35175
EKLY;31678
EKMO;16032,17128,17388,18156,18538,19194,19195,19202,26241,29150,31400,31670,32693,33257,33893,34389,34401,36854,36859,37423
EKMP;1920,9229,18156
EKMR;23592,34401
EKNO;
EKNP;37431,37432
EKNR;
EKNS;
EKNT;
EKNU;23731
EKNW;30336
EKNY;26837
EKOP;
EKOR;
EKOS;
EKOT;27884,36180,36847
EKOW;31682,33923
EKOY;
EKPR;
EKPS;
EKPT;3761,14358,15521,15969,16507,16859,17529,18531,18533,19216
EKPU;
EKPY;
EKRS;
EKRT;
EKRY;
EKRZ;4223,16209,32699,33922,36168,36854
EKST;
EKSU;32519,33522,33924,35990,36922,37457
EKSW;23599,23738,31682,34734,36914
EKSY;
EKSZ;3179,4221,4225,5948,18567,36363
EKTY;21500,23734,27884,35732,37429,37431
EKUY;21500,26617,27884,37423
ELLM;4143,11324,27915,35992
ELLP;23292,27350,27919,35425
ELLS;
ELLT;
ELLV;2421,6022,27211,35427,36967
ELLW;34423
ELLY;27915
ELMO;
ELMR;
ELMS;
ELMT;23549
ELMU;
ELMW;18604,19180,22067,23752,33777
ELMY;
ELNO;
ELNS;
ELNT;32358
ELNU;
ELNY;27894,27964,35361
ELOO;17398,17804,18174,24343,34389,35505,35991
ELOP;
ELOR;
ELOS;
ELOT;
ELOV;
ELOW;33955
ELPR;
ELPS;
ELPT;
ELPU;
ELPW;17808,19354,33954,33955,34900
ELPX;2466,35216,36377
ELPY;31243
ELRU;
ELRY;35992
ELSS;
ELST;
ELSU;
ELSV;
ELSW;
ELSY;
ELSZ;37553
ELTT;
ELTU;
ELTW;2471
ELTY;
ELUX;1264,7509
ELUY;3804,17961,19292,19377,19430
ELVY;
ELWY;
ELZZ;
EMMO;1435,4428,4506,10593,35363
EMMS;36413
EMMY;25101,27492,32541,36086
EMNN;11144,16479,26044,32360,32470,32474,32618,32690,33205
EMNO;19194
EMNT;
EMNU;28004
EMOP;
EMOR;
EMOS;
EMOT;
EMOU;15702,19194,22032,22034,23025,24323,26863,26866,27739,28004,34544,35377,36246,37125,37167,37412
EMOV;
EMOW;
EMOZ;15903,18356,26327,26329,26517,27218,27496,32779,34158,34552,35089,37144,37200
EMPR;32481
EMPT;
EMPY;3303,31243,33000
EMRS;
EMRT;
EMRU;
EMSS;
EMST;
EMSU;
EMSW;
EMSY;
EMTU;34389,35377
EMYZ;
EMZZ;
ENNO;
ENOP;
ENOR;
ENOS;
ENOT;
ENOV;
ENOW;
ENOX;25661,26725,30622,30926,31264,34447,34975,36596
ENOZ;32779,33372,33584,33585,34233,34240,34256,36294,37182
ENPR;
ENPS;37527
ENPT;
ENPY;1410
ENRS;
ENRT;
ENRU;
ENRW;
ENRY;36568
ENSS;
ENST;
ENSW;
ENSY;
ENSZ;34637
ENTT;
ENTU;
ENTV;23761,26932,31793
ENTW;
ENTX;1413,4362,15918,16106,16956,17959,26030,30622,32707,34975
ENTY;
ENVY;
EOOS;15961,33500
EOOZ;32699,33133,34419
EOPP;27384,28033,35380
EOPR;
EOPS;
EOPT;
EOPX;16106,18453,22889,23028,23088,23227,26542,33717,34126,36596
EORR;37631
EORS;
EORT;
EORU;7418,23025
EORV;
EORW;
EORX;19226
EORY;12922,29186,33433
EORZ;4441,32699,33317,37006
EOSS;
EOST;
EOSV;23134,23599
EOSW;
EOSX;
EOSY;
EOTT;36462,36847
EOTV;23684,36738,36765
EOTY;7783,21937
EOTZ;27387
EOVW;
EOWY;37412
EOYZ;13998,16681,18898,19286,31174,32779,33372,34552,36294,37200,37258,37296
EPPR;
EPPS;
EPQU;235,9980,12941
EPRS;
EPRT;
EPRU;
EPRV;
EPRX;3375,18179,22889,23227,30478,35228,35350
EPRY;
EPRZ;29392,32336,32699,34552,36032
EPSS;
EPST;
EPSU;
EPSW;2417,36417
EPSY;
EPSZ;19401,23534,36032,36060,37553
EPTW;19354,31784
EPTY;36448
EQUY;23609
ERRS;
ERRU;
ERSS;
ERST;
ERSU;
ERSV;
ERSW;
ERSY;
ERTT;
ERTU;
ERTV;
ERTW;
ERTY;
ERTZ;3271,5811,8504,13472,15482,16209,22860,24447,25987,27560,32671,32970,33971,34374
ERUV;
ERVY;
ERYY;2985,6716,13723,17414,19222,22506,23538,23811,27400,28026,28029,28053,30500,31171,31173,31174,37626
ESSS;36443
ESST;
ESSU;
ESSV;22580,37649
ESSW;
ESSY;
ESTT;
ESTU;
ESTV;
ESTW;
ESTX;
ESTY;
ESTZ;
ESUY;
ESWY;
ESXY;1436,28030
ETTX;
ETTY;26712,27568,28029,29358,31310,36725,37379
ETVX;16604
ETWY;
FFFU;
FFGO;14866
FFGU;
FFHU;37730
FFII;3394,3845,8402,9111,11586,23821,24363,25264,25696,26792
FFIJ;
FFIK;26792
FFIM;16863,23821,34759,37755
FFIN;19662,19664
FFIR;23821,37755
FFIT;9813,25911,26795
FFIV;3394,9813,25911,34759,34767
FFIY;30564
FFIZ;
FFKO;19667
FFLU;
FFMU;32376
FFNU;3850,6491,8935,9815,10316,19662,19668,25912,30562,34760
FFOS;16877,37752,37754,37757,37758,37760,37761,37762
FFOT;10306,10312,11585,16872,26794
FFOY;11586
FFPT;2530,16859,16872,19659,19660,19675,26086,34751
FFPU;
FFRU;19668,19670
FFTU;19668,19674
FGIO;14866,24562,28120,37786,37787
FGIR;
FGIS;1449,16904,28122
FGIT;28123,28129,28136,37830,37837
FGLO;37786,37787
FGLU;
FGNU;367,19707,32382
FGOO;34820,37786
FGOR;14866
FGOS;
FGOW;19761,34900,37872
FGOY;19756,25699,28120,31858,37835,37875,37877
FGRU;11603,19721,23826,37836
FGSU;2161,16894,19720
FGUU;19707,19740,28106,37797,37847,37864,37868
FHIQ;
FHIS;4619,5617,21663,28147,31873
FHMU;32945,37796
FHNO;19701,19781,19791,22733,25697,25700,31874,37906
FHOO;14880,19706,22733,31853,31870,34820,37786,37796,37797,37906
FHOU;7806,22733,22919,24364,31874,34821
FHOW;
FIIN;12610,19781,30625
FIJU;
FIKL;22920,32923
FIKN;19781,28160
FIKR;28144,28161,28164,37922
FIKS;
FIKU;10367,26838,26855,37922
FIKY;6082,28139
FILL;22087
FILM;37755
FILO;37787
FILP;22341,32994,37787
FILR;37755
FILS;22732
FILT;326
FILX;
FIMR;37755,37931,37935,37966,37972,37984
FINO;3880,4589,4630,6724,7815,17092,19781,19843,23837
FINR;
FINS;
FIOT;10306,11647,14895,19843,21937,24562,28120,29295,31897,34808,37786,37787,37884
FIPS;3885,11598,11618,11639,19771,19813,19863,24951,26123,26810,28159,29379,29701,29719,30628,31880,34893,35048,37909
FIPU;17077,17116,19765,23290,29718,29719,30667,32913,33031,33046,33048,33049,33050,34890,35048,35160
FIRS;28147,28159
FIRT;
FIRZ;19792
FIST;
FITT;8603
FITX;31891
FIZZ;
FKLO;17122
FKNU;19668
FKOR;7200,14905,17122,17124,19667,33060
FKSU;31898,37910
FKSY;4588,6082,28139
FLLU;7794,22087,22739,23268,23294,32392,32988,33058
FLOO;28148
FLOP;6721,11647,14886,17124,23292,35074,35215,37759,37787
FLOR;23832
FLOT;28148,28160,37786,37787
FLOU;22739
FLOW;11622,14911,16963
FLOX;
FLRU;
FLSU;
FLUX;1264
FMOO;13841,17193,19706,21664,22089,23843,25707,25708,28169,33087,34904,35175,35231,37796,37919,38016
FMOR;21664,23843,37919,37931,38016
FMSU;25705,31898,37946,37958,38017
FMUY;7814,14894,19796,19883,23836,31899,35186,35187
FNOS;
FNOT;
FNSU;
FOOP;14886,17173,19887,26086
FOOR;22089,23843,28141,28169,35233
FOOS;16877
FOOT;26086,28168,29295,31853,31897,37786,37797,37906,37989
FOOW;
FOOY;
FOPR;1973,6721,11640,11664,26140,26902,29392,32384,33105,35235
FOPS;10357,17222,34893
FOPU;23290,26140,26902,35074,35235
FORS;
FORT;29295,31897
FORU;24843,31897
FORW;9547,11622,24869,37884
FOSS;22744,28147,31849,31871,37882,37947
FOST;
FOSU;
FOSW;
FOSY;37900,37902,37982
FOTT;13843,17197,26867,32921,34905,35005,37989
FOTU;31897,37949,37985
FOWW;
FOXY;
FOYZ;
FRRU;
FRSU;
FRTU;
FRUY;12947,19796,26147,35235
FRUZ;
FSSU;28186,38010
FSTU;
FTTU;3889,26125,26847,33058,37797
FTUY;9545,25291
FTUZ;35144
FUZZ;
GGHO;3911,11698,19918,19927,38071,38081
GGIM;21665,23851,38123
GGIN;37772,38060
GGIR;38047
GGIS;38114
GGLU;
GGMU;21665,23321,23851
GGNO;3421,37771
GGNU;37771,38060
GGOO;19927,33155
GGOR;38081
GGUV;31915
GHHI;24572,24574
GHHO;3415,10444,14928,17317,20024,20025,35380,38155
GHIN;
GHIS;3429,9552,35461
GHIT;
GHIW;14931,38047,38240
GHNO;
GHNU;24580,31910,34824,35274,35485,38057,38060,38069,38207,38212,38228,38281,38283,38310
GHOS;4716
GHOT;23862,37786,37787
GHOY;23350,28238,28263,30792,31959,35380,35426,35506,35510,35525,38081,38155,38236,38257,38258,38317,38322
GHPU;4717,14950,14959,17430,20155,23352,23878,24580,26953,30789,30790,35275,35376,35461,35536,38281
GHSU;38207
GHTU;21667,38268
GHUV;17365
GHUY;34816,37781,38266,38268
GIJO;21665
GIJS;7837,11711,20293,20294,30790,31977,38150
GIKN;
GILL;
GILM;22109,23887,28230,31989,32038,38123,38610
GILN;
GILR;38047
GILS;
GILT;17,24610
GILU;
GIMN;31854,31968
GIMP;2601,4695,4696,11746
GIMR;2582,2588,2598,2601,4667,4696,4769,20061,20182,20248,22109,23887,31989,32038,38358,38411,38610
GIMS;
GINN;28106,38629
GINO;
GINP;
GINR;
GINS;
GINT;
GINW;38240
GINZ;23879,31964,31997,35545,38098,38352,38371,38475
GIOR;
GIOS;
GIOY;7860,30792
GIPR;23880
GIPS;9554,15836,15838,28390,30790,38621
GIRR;3448,7874,20416,23880
GIRS;
GIRT;
GIRY;
GIRZ;31964,31997,38098,38362,38544
GISS;11702,11927
GIST;
GISV;
GISW;30994,32031,34858,38119,38590,38621,38623
GISZ;4753,26986,27110,30833,33250,33314,33319,35768,35838,38675
GITW;3683
GIZZ;20270,31997,38098,38475,38516,38544
GJNO;10577,11698,11930,27111
GJOS;
GJSU;15054,31977,35722
GKNO;22114,26961
GKNU;20312,22114,26961
GKOO;14931,22544,23862,38769
GKOR;4832,4833,6100,17387,17388,20118,20530,20532,22114,26961,33152,38769
GKOS;25732,33264,35416,35553
GKOU;6100,22114,22544,24601,24602,26961,28227,28343,30791,30903,38228,38593,38595,38769
GKOW;14931,38769
GKSU;
GLLU;3463
GLMO;
GLMU;31989,32038
GLNO;
GLNU;
GLOO;
GLOP;31951,37787,38155
GLOS;
GLOV;28306
GLOW;34900
GLOY;4845,20560
GLPU;4857,6758
GLRR;150,1484,3448,3467,7874,11735,20290,20373,20383,20416,28212,34870,35512,35991,36008,38610,38663
GLRU;
GLSU;
GLTU;
GLUY;20560
GMNO;38493
GMNU;
GMOR;38493
GMOS;
GMPU;35504
GMPY;
GMRU;31989,32038,37796
GMSU;
GMSY;20571,23425,23968,28433,28438,29312,33284,35558,35877,35879,35885,38191
GNNO;28439,38441
GNOO;4811,32066,32067
GNOP;
GNOR;28440
GNOS;
GNOT;
GNOW;21595
GNOY;29418
GNPU;24580,38776
GNRU;
GNSU;38789
GNTU;
GNYY;4708,4786,8632,11940,20382,28129,35530,37837,38248,38464,38791
GOOP;4695,7944,11746,38769
GOOR;4711,20020,28237,33207,38769
GOOS;20445
GOPR;
GOPU;4718,4869,7944,8960,13176,20145,23967,38776
GOPY;4718,11770,20322,28120
GORS;
GORT;38786
GORW;33195
GORY;
GOSS;31868
GOST;31868
GOSU;33467,36040,38522,38722,38789
GOSV;1116,19998,20268,38364,38480
GOSW;35496
GOSY;
GOTU;
GPSU;23876
GPSY;
GRSU;
GRTU;
GRUU;22111,23952,23953,28370,28385,28387,28428,30577,32038,34825,34874,34896,36034,37847,37858,37864,37868,38252,38342,38681,38700,38705,38709,38710,38725,38726,38761
GSSU;
GSTU;
GSTY;
GSUV;23431,29876,31998,34852,35633,35972,38560
GSUY;37831,38534
HHHS;469,20588,38799
HHIS;471,4883,4887,4888,31869,38802,38809
HHNU;15076,15077,15960,20021,20023,20606,23975,23977,29179,31040,31043,31869,35274,35378,35379,38162
HHOP;4895,7340,8634,10444,10622,11949,14928,15073,15080,17317,17945,17962,17964,17965,17969,17970,20024,20025,20591,20593,20605,23468,24620,24622,27139,33491,33502,33504,35380,36068,36086,36087,36088,36090,36091,36096,38155,38799,38805,38806,38812,38813,38815,38816,38818
HHOS;7341,8430,12973,15954,17969,17972,20599,20601,20603,22998,23469,23977,25749,29915,31036,31037,31038,31042,31869,32078,33495,33501,33504,33505,36083,36084,38804,38814
HHSU;1619,4886,7341,11958,15960,17960,20603,22116,24252,24618,31869
HHUU;2621,20612,38162
HIIL;1492,3937,4684,7952,7953,7954,14094,15087,15088,17974,20621,20622,21663,23979,28909,30604,30783,31049,31051,32082,32088,32090,32923,34808,35392,36104,36109,36112,38044,38047,38055,38830,38831,38839
HIIM;2633,3937,4684,10634,11722,15082,20618,21723,23472,23859,23981,27164,32083,35385,35396,37781,38177,38197,38828,38831
HIIO;6120,7952,7955,8634,9574,10628,11722,11974,15086,17981,20043,20621,21722,21723,23472,23473,23978,23980,23981,24134,24625,24628,24848,25358,25360,25748,25754,26236,26921,26929,27154,27158,27166,28212,28455,28461,28464,28483,30606,31049,31057,31062,32094,33511,34808,36135,38801,38824,38828,38829,38831,38836
HIKO;478,23862,36167,36180
HIKS;
HIKT;
HILL;142,630,1273,15966,32496,33528
HILT;
HIMS;
HIMW;6946,14139,15972,23494,33528,38177,38240
HINS;
HINT;22781,23980,23991,32137,38801,38824,38828,38829,38836
HINW;6332,15101,32089,32137,38075,38240
HIOR;20073,20739,23012,23506,23828,24004,24005,31870,32885,33195,37884,38071,38155,38871,38906,38921
HIOS;
HIOT;12043,23828,23978,24004,24005,37884
HIOW;8635,10733,20745,24005,25750,28494,29325,31950,32137,32885,33195,33586,33592,36077,37884,38075,38864,38871
HIPS;23330,36159,38823
HIPT;4889,20677
HIPW;8635,8644,18101,27278,33586,38177,38871
HIPZ;7973,12073,20621,20639,25776,28461,28552,32505,33497,33584,33585,36294,38823
HIRS;
HIRT;
HIRW;8644,15101,32137,37884,38864
HISS;
HIST;
HISU;30789,30790,32936,33577,33599,36130,38826
HISV;38823,38897
HISW;
HITW;24005
HIWZ;20032,32517
HIZZ;
HJNO;11698,38824
HJOS;4944
HKLO;4947,4948,8671,8672,20751,23862,33643,36168,36353,38931
HKLU;6134,18001,28486,38931
HKNO;4947,4948,5621,6141,11997,12083,12089,19781,24135,28453,28494
HKNU;23975
HKOO;23862,36180
HKOP;24135,27194,28144,28495,36171
HKOR;4949,16032,17387,18156,20118,20613,38931
HKOW;4948,38864
HKRU;4949,21981,28486,38931
HKSU;32520,33645
HLLU;21667,22087,23268,34824,38868
HLMO;23995,38241,38318,38319,38812,38828,38931,38943,38944,38945
HLOO;5446,14202,17398,20073,22577,23874,23995,38071
HLOP;4704,7952,17945,20130,20131,22125,22133,23022,23874,23995,24583,25787,26921,27194,27360,28263,28461,29664,29990,31049,31951,32114,32147,35425,36395,37787,38071,38155,38244,38257,38258,38805,38812,38835,38871,38944
HLOS;
HLOT;23874,32147,37794,38318
HLOW;6769,22133,31874
HLOY;1736,20130,20131,20132,32112,38155,38226
HLRU;7806,32148,33551,34825,38931
HLSU;
HLWY;28471,34962,38181
HMMM;16079,20696,20697,28240
HMNY;37781,38197,38268,38319
HMOO;18221,19706,30814,31180,32110,33677,33683,36194,36241,36433,37796,38318,38319,38320,38883
HMOR;38906
HMOS;
HMOT;1723,6137,8209,8660,8671,9593,9609,12043,20139,21696,22136,24627,28457,28531,28572,37919
HMOW;32546,32950,33655,33681,34964,35521
HMOY;31953,32127,38319,38812,38816,38944,38945,38951,38958,38961
HMPU;32083,32505
HMSU;24018
HMTY;2693
HNOO;4973,20795
HNOP;498,19781,20146,22133,32084,38835
HNOR;7992,24619
HNOS;
HNOT;498,4947,4948,4960,4973,4976,20778,20779,20795,23980,32156,38824,38829
HNSU;24018,32549,32936,33577,33599,36130
HNTU;25794,38060
HOOP;20152,23875,32114,32145,32165,35425,38071,38236,38257,38258,38317,38921
HOOR;7861,8210,8676,17398,19927,20073,21477,28237,28238,33677,38071,38081,38871,38921
HOOS;
HOOT;4174,4973,20126,28521,36241,38318
HOPQ;1316
HOPS;
HOPT;498,4718,20146
HOPU;4718,7993,20146,20155,20807,23878,32165,38960
HOPW;5913,22133,29990,33586,33713,35538
HOPY;4718,7398,7860,7963,7993,14954,17970,18291,20132,20152,20155,20809,22125,23022,23875,26352,26959,27219,27260,28120,28263,35539,36086,38155,38257,38812,38961
HORS;
HORT;
HORU;
HOSS;
HOST;
HOSU;21483,24018,38845
HOSW;
HOSY;
HOSZ;1733,2574,2682,4150,18125,19792,23534,26334,27407,33658,33659,36121,36198,36214,36302,36333,36483,38333
HOTU;
HOTW;28494,38075
HOWW;4981,9620,29325,32137,32157
HPRU;23878,24622,31199,32083,32151,33751,35275,36142,36448,38960,38977
HPSU;
HPSY;485,3429,32086
HPTU;7993,12104,18291,20146,20798,23535,23878,31199,32151,36142,36448
HPUW;22133,33713
HRSU;
HRTU;36142
HSSU;
HSTU;
HSWY;32139
IIKP;18331,23880,24662,33768
IIKT;4988,5625,12985,18325,20613,20815,28614,33771,37922
IIKW;6152,20815,27146,29330,37922
IILP;1711,4684,5004,7952,11787,20621,20818,20865,20867,22141,28448,38831,39052
IILR;8633,8642,11626,11632,11791,16155,17016,20227,20622,20624,24140,24254,24259,24391,24461,24565,24945,25046,25701,25754,26379,28152,28212,28306,28640,30647,31051,31216,32088,32089,32871,32966,34981,37808,37928,37931,37935,37940,38047,38835,38839,39027,39035,39081
IILW;6152,20815,25753,27146,32089,35392,38047
IIMN;31854,31968,39061
IIMP;4684,8704,10943,10944,23550,24664,25819,25969,30045,31057,36596,38831,39034,39052,39056
IIMR;23821,23832,23833,23887,23981,28152,28157,33819,37931,37935,37944,37949,37950
IIMS;8705,24138,33819,38998,39025,39037,39087
IINS;1494,1523,4883,21678,24048,39022
IINT;20270,36558,38111
IIPP;20043
IIPT;7884,10943,10944,11815,12141,12238,12248,15199,15964,20818,22141,24045,25969,27545,32171,36646,39102
IIRS;911,5008,5033,11632,20195,24048,28680,33866,35714,36823,37940,37954,38566,39022,39075,39087,39131,39133
IIST;248,1816,3533,5033,15244,17031,21679,34992,36823,37923
IISW;1495,25971,28680,31338,33123,36690,36706,36780
IITT;4988,8603,8716,12188,18325,20029,20227,27556,28469,30044,31212,32020,32223,33158,33514,33829,35005,35021,36609,36737,39081
IITZ;4659,7884,8504,12178,12985,12988,13866,20238,22148,24444,24447,25729,26411,26929,27164,27420,27545,27560,28460,32970,33227,33770,33848,35312,35545,35669,35678,38197,38352,38371,38829
IJKN;
IJKO;36830
IJLL;32568,33873,36830,37928
IJLT;11730,37928,38573,38824,39020
IJMP;20641
IJMS;8717,11987,20827,33519
IJNN;38574,39137
IJNO;
IJNS;18515,20047,27431,33519,33760,33878,33879,33880,33883
IJNX;1466
IJOR;31978,39135
IJOS;25807
IJVY;
IJZZ;
IKKL;477,507,4988,13792,17974
IKKN;10366,11989,22138,23975
IKKR;5041,5738,22138
IKLL;6175,9630,10645,16190,16192,16194,18520,18521,18530,18531,20830,28160,36830
IKLM;28486
IKLN;
IKLO;919,2747,21680,24450,27144,27196,27439,36168,36529,36877,39143
IKLP;
IKLR;507,8722,20977,22138,28486
IKLS;
IKLT;28160
IKMN;12143
IKMO;26241,31400,35730
IKMR;23592
IKMS;
IKNO;28494
IKNP;4739
IKNR;
IKNS;
IKNT;28160,28614
IKNW;29330
IKNY;2749,28614
IKOS;33924
IKPP;28164,36878
IKPS;31883,32103,38866
IKRS;
IKRU;33890,36859,36877,37922,38595
IKRY;38864
IKSS;
IKST;
IKTU;37922
ILLL;649,5056,7430,7482,9670,11783,12272,18594,18595,20322,20998,21000,22955,23055,23357,23979,24603,24663,26448,26450,27626,28592,28711,33270,33528,33873,35739,36564,36926,37808,37928,38868,39031
ILLM;28716,38868,39031
ILLN;4745,6781,8009,15196,15264,20816,22087,25753,25842,28623,28691,39038
ILLO;446,653,1754,1756,2747,2760,4745,5064,5081,5082,8727,8730,12149,12152,21001,21026,21029,28593,28921,39031,39038,39044
ILLP;16192,16232,16233,16234,18623,20322,21026,28456,28593,28921,32583,32994,35425,39173
ILLR;511,1757
ILLS;
ILLT;158,326,909,917,2747,5081,12152,15196,20327,20341,28716,32583,39031
ILLV;27211,28714,35427,39173
ILLW;511,6176,25753,32029,38234,38581
ILLY;36568
ILLZ;23035,32496,32583,33955,33971
ILMN;21850,22802,25765,32170,32236,39188
ILMO;24664,28594,28595,28625,28733,32170,39031
ILMP;24664,32236,39189
ILMS;
ILMT;22877,26459,28731,32587,39189
ILMU;
ILMY;5062,21042,38123
ILNN;22164,22802,22804,38241,38629
ILNO;38801,38835,38836,39038
ILNR;21698,22138,23831,32089,38835
ILNS;
ILNT;
ILNY;
ILOO;8646,12287,24847,39038,39044
ILOP;38835
ILOR;20977
ILOS;
ILOT;24039
ILOV;28714,39173
ILOY;2760,5082,8063,8727,16230,18652,24039,24131,24683,24694,28722,34003
ILPR;23995,24069,28276,28509,31951,38071,38097,38835,39189,39191
ILPS;
ILPU;
ILPY;5082,15199,22141,25815,32994,34041,36966,36971,37934,39046
ILRT;24140,28337,28387,38128,38634
ILRV;
ILST;
ILSY;
ILTT;24694,28716,38635,39081,39166,39214
ILTU;
ILTW;11118,12962,19968,20815,27146,32248
ILWY;20815,38837
IMMO;3523,6088,11744,12964,19854,22160,28152,28240,28395,28763,37944,37984,38239
IMMY;5061,5062,5086,8064,9285,11144,11743,20840,21042,21172,21847,25101,27492,38268
IMNO;39188
IMNS;
IMNT;39061
IMNU;39229
IMNX;12385,12391,28772,32170,39188
IMNY;39188
IMOO;4695,5180,20711,20713,21714,22089,24698,28532,28778,32121,32258,37187,38278,38808,38906,39240,39241
IMOR;37984,38906
IMOS;
IMOT;32206,32261
IMOX;32170,39102,39188
IMPP;4889,5064,18932
IMPR;
IMPS;
IMPU;8757,25819,32083,32211
IMPW;39231
IMQU;27435,30045,31256,31291,34137,37167
IMRS;
IMRT;22795,32206,32261
IMRU;35744,37972,37984,38705
IMRV;453,2772,5015,5806,10068,11169,20911,21065,21084,21178,21204,28172,28731,33334,35117,36510,37931,37950,37972
IMRY;5160,20702,21172,22036,22088,22772,22795,23494,25546,28523,28761,28782,29914,30655,31310,31541,32127,32206,32209,32261,37924,38906,39107,39250
IMSS;
IMST;
IMSU;
IMSV;31055,32258,38085,38344,38346,38480,38998,39037,39059
IMSW;28606,32184,34002,34162,35128,37189,37212
IMTT;12299,12402,20677,21005,21049,21052,21089,21096,23941,28630,28716,29209,31310,35005,36609,36941,38356,38635,39061,39166
IMTU;5981,7877,10549,12402,21699,27515,28630,28778
IMTX;12043,12391,28772,39104
IMTY;24045,32261,34178,35884,39102,39107
IMXY;5062,5071,8071,14536,18073,21042,21084,25101,27261,28772,33000,34194,39102,39188,39250
IMZZ;
INNO;
INNS;4883,5018,8718,15072,19643,22094,22291,23987,24074,28608
INNW;
INOP;
INOR;
INOS;
INOT;
INOV;39173
INOW;1527,18538,28494,33022,39135
INOY;15130,23696,31512
INPR;
INPS;
INPT;
INPY;4593,25819
INQS;
INQU;
INRS;
INRT;39010
INRU;
INSS;24668,38996,39002
INST;
INSU;
INSV;24079,28727,39059
INSW;
INSY;22291,37132
INSZ;
INTT;38635,39010
INTU;
INTV;8690,11778,11815,12446,20826,26932
INTW;32137,32269,39135
INTY;2668
INVY;2852,12440
INWY;12343
INXY;27811,31441,32218,34298,39188,39202,39203
IOPS;38800
IOPT;
IOPV;10041,12312,33586,34303,39173
IOPY;5082,6132,6169,7860,20322,28120,28260,38257,38705,39102
IORS;
IORT;37884
IORV;1146,21178,28172
IORZ;9600,12073,23981,24703,38362
IOSS;29412,39256
IOTT;2825,5051,7948,12299,12402,12465,19843,20689,21005,21049,21235,21242,21246,28494,28797,36847,37884,39081,39166
IOVV;12171,12245,23573,25484,26579,27478,28318,31367,31454,37972,39082
IPPR;12351,28164,28554,38921,39281
IPPS;37754,39161
IPPY;
IPQU;5115
IPRS;38823
IPRT;
IPRU;28763,30091,32083,38705
IPSS;
IPST;
IPSV;38823,39059
IPSW;9665,24660
IPSY;8052,8061
IPSZ;5173,11814,12459,20639,24705,25776,28806,32142,38823
IPTT;28469,39066,39084
IPTU;8757
IPTY;8074,15199,32171,37934,39210
IPXY;5082,15297,28746,32218,39077,39102,39188,39203
IQTU;
IQUZ;12183,19144,19147,31218
IRRT;484,1451,7959,8035,8114,22774,24675,25763,38726
IRRY;12440,22774,24675,25763,38663,39107
IRSS;
IRST;
IRTT;32220,32223,39081
IRTW;12409,15317,22816,29295,31897,32137,37884,37922,39135
IRTZ;3271,5811,8504,13472,16209,17757,21576,22860,24447,25987,26398,27560,32671,33848,33971,34374
IRWY;25781,32277,33958,35081,38864
ISSS;20721,32219,39178
ISST;
ISSW;31895
ISTT;32465
ISTU;
ISTW;
ISTZ;
ISWY;4031,11303,15136,15146,19152,21041,24006,32139,37898
ISWZ;39083
ISYZ;18150,18507,24006,26557,27110,27489,33401,34295,35768,35885,36112,36793,37092,37258,37296,38472,38882,38889
ITTW;12409,21235,24005,37884
ITVY;8001,8124,39107
ITZZ;37182
IVYZ;18507
IZZZ;
JJUU;
JKNU;15186,20530
JKOO;
JKOU;20530,27884,36830
JKOY;
JKUU;
JLLO;
JLOS;1572,2744,38226,38767
JLOT;2868,12484,26215,35362,36834,38824,39020
JLOW;7635
JMOO;15352
JMPU;
JNXY;
JORS;4944,24007,31671
JORU;9661,9719,35173
JOSS;23722
JOST;24007,26612
JOSU;
JOSW;23586,24007
JOSY;38226,38568
JRUY;9629,33885,35173,36523
JSTU;
KKNO;39294
KKOO;22178,24387,24521,24713,25870,25871,37420
KKUU;
KLNU;30338
KLOO;24264,34389
KLOP;
KLOS;
KLOU;9721,21739,24388,25495,27439,30094,30791,30903,34389,36161,36830,36859,36877,38931,39143
KLOV;7039,7647,16480,18550,36545
KLOY;20751,21299,21302
KLPU;
KLRU;9721,24265,32862,33890,34718,36859,36877,38931,39143
KLSU;
KMNO;6231,9723,10759,12485,15252,16204,18538,19193,19194,19195,20531,26241,26308,27900,31400,31670,33257,33888
KMOO;12083,14905,19194,19195,19202,20531,21311,23588,23592,27338,34389,35175,37423,37433
KMOS;31898,39302
KMRU;23056,25875,33890,36859,38931
KMSU;31898
KNOO;12083,19194,27338,35175
KNOP;37431,37432
KNOR;
KNOS;
KNOT;28160,28494,28614
KNOW;4948,15358,28494,28829
KNOZ;18329,20830,25720
KNPU;22114
KNRU;
KNSU;
KNTU;
KOOP;24720,25840,28164,32699,36171,38769
KOOR;32699,38769
KOOS;
KOOT;5403,6137,27884,34389,36180,36558,36847,37423,37431
KOPR;12091,25840,28144,28164
KOPS;
KOPU;22114
KOPY;
KORS;
KORU;27439,27598,27620,36859,36877,38931,39143
KORW;25840,28829,39143
KORY;4832,4833,38864
KOSS;
KOSU;27346,33924
KOSW;23599,29527,31682,32225,33923
KOSY;
KOTU;26617,27884,34389,36161,36859,36877,37423
KOUY;
KOUZ;38931
KPUU;25611,25875
KPUY;
KRSU;
KRSY;
KRTU;36169,36859,36877,37922
KRUU;21981,22460,22935,23589,24094,25617,25875,27592,34718
KSST;
KSSU;
KSTU;
KSUY;
KTUU;21500,21939,25875
KUUZ;24094
KUYY;
LLLO;6222,9670,10506,11354,11783,12272,14906,21738,22739,24663,26448,36564,39031,39032
LLLU;2421,5056,7053,7794,9671,11354,12272,14933,18594,19234,20970,20998,21000,22739,24663,27626,28711,38868
LLMO;25166,30356,39031
LLMU;28716,31884,31899,38868
LLNO;25842,28261,31040,33063,38004,39038
LLNU;22087,28623,28691,32403,33941,34413,34824,35001,35076,37475,39170
LLOP;5064,5081,17945,18623,28593,35074
LLOR;28713,37931,38004,39143
LLOT;24014,28261,28593,39031
LLOZ;7260,19286,24343,33955,35768
LLPU;21328
LLUU;8153,8693,28181,28691,28714,28716,31887,36943,37912,38868,39044
LLUW;6134,6338,20998,32292
LLUZ;6247,19286,31700,33971,35196
LMOO;
LMOS;
LMOT;24664,28457,28594,28595,38828,39031
LMOY;
LMPU;
LMRU;31989,32038,37972,38931
LMSU;
LMSY;
LNOO;39038
LNOR;28853,38801,38835,38836,39203
LNOU;5125,21370
LNOW;
LNOY;28853
LNRU;21698,24637,28183,28570,28849
LNSU;
LNTU;4957,5282,21346,37794,37915,38327
LNUV;5282,8155,21350,21374,31915
LNUY;22187,24061,25766,27964,28623,28711,28841,28852,37475,37477,37519,37526,37967,37977,38886,38887,39073,39185,39202,39209,39308
LNXY;31441,36377,39188,39202,39203,39306
LOOP;32147
LOOR;21304,21384,39321
LOOS;
LOOT;5446,8130,20780,21384,23874,31850,32147,32299,33426
LOOW;12534,22135
LOPP;5064,38805
LOPS;
LOPT;23874,32147
LOPU;
LOPW;5913
LOPY;14954
LORT;22135,25787,28572,37794,38161
LORU;38931
LORY;23144
LOSS;
LOST;
LOSU;
LOSV;
LOSW;
LOSY;
LOSZ;23554,23624,30139,31446,33658,33997,34070,35013,37553,37851,38643,38675,38882,39082,39083,39194
LOTT;37787,38836,39191
LOTU;5282
LOTV;
LOTW;15289,25880,32248
LOWY;
LPPU;
LPRU;15388,38266
LPSU;
LPUU;15388,19234,19421,19842,21370,32240,34957,34965,39052
LPUY;22141,36880
LRSU;
LRUY;5009,15388
LSTU;
LSUU;22279,22687,22810,24104,24536,28167,28359,28727,31016,31736,31877,32189,32228,35519,37555,39221
LSUV;24038,24071,28643,28751,32189,37940,37980,38264,38998,39001,39323
LTUZ;2358,18716,33971,38352
LUUZ;18716,23296
MMMU;28240,37984
MMOS;24062,32304,38827,39292
MMPU;18220,28763,39052
MMSU;39005
MMUU;8096,22160,23614,36974,38134,39052
MNOO;19194,33683,36091
MNOR;28860
MNOS;
MNOU;19194,28004
MNOW;21850,25887,32305,38902,39328
MNOY;28774,39188
MNSU;24643
MNTU;
MOOP;23967,32241,38776
MOOR;15352
MOOS;
MOOT;4174,12043,21696,28778
MOOV;
MOOZ;15903,26517,28361,28778,37144,38123
MOPP;4895,4972,5064,28763
MOPR;
MOPS;5245,5247,5315,39062
MOPU;
MOPY;11941,23967,24045,38705,38776,39102
MORS;
MORT;22795,24627,28311,28457
MORU;
MORW;37985,39135
MOSS;
MOST;
MOSU;
MOSV;2070,5315,15260,21211,38480,39250
MOSW;
MOSY;
MOTT;20820
MOTU;28778
MOUV;2070,9743,12312,28172,28714,28762,37972,39250
MOXY;18073,21756,27261,28772,32296,38945,39102,39188,39306
MOZZ;
MPPU;28763,39226
MPRU;32083
MPSU;
MPTU;39056,39187
MPTY;2693,8787,12009,12044,21006,24045,28532,28596,28843,28860,32171,39102
MPUY;
MRRU;
MRSU;
MRTU;
MSSU;
MSTU;
MSUU;3144,18956,24074,32189,34185,37462,37498
MSUV;2070,9743,24079,38998,39005,39037,39059,39196,39250
MSUW;23757,23971,28825,31768,32295,39302
MSUY;31537,35879,35885
MTTU;6140,12402,20677,21089,28630,35377,36941,39166,39191
MUZZ;
NNOO;4973,5317,20795,20796,22299,25870,28439,34544,39306
NNOU;20576,24619,28439,28849,34544
NNOW;1115,6769,6837,15410,27945
NNSU;31977,38058,38207
NNWY;1740,21347,28299,31993,38391,38437,38447,38584
NOOP;31784,32243,37432
NOOR;
NOOS;
NOOT;4973,33683,36462,38318
NOOW;7325,7584,21176,21311,21595,22299,22300,25870,29341,31893,32269,32305,37141,37433
NOOZ;4973,5321,15163,21423,32155,39343
NOPR;
NOPS;
NOPT;
NOPU;5125,22164,39034
NOPW;33713
NOPY;
NORS;
NORT;
NORU;37872
NORW;39135
NORZ;5130,15396,21422,21423,32155,38362,38544,38835,39342,39343
NOSS;28868,38996
NOST;
NOSU;
NOSW;
NOSY;
NOTT;24729,28494,33683,36462,38793,38956,38972
NOTU;23119
NOTW;1527,4948,5323,19370,28494,32269,39294
NOTY;32274
NOWY;35075
NOXY;4976,20778,20779,25661,27811,32218,39188,39202,39203,39306
NPSU;
NPSW;34219,34263,34267,36706,36780
NPTU;
NPUY;25819,37836
NRRU;4876,15415,20799,21421,28183,28799,28875,32272,32305,39123
NRSU;
NRTU;
NSSU;15403,38006,39345
NSTU;
NSWY;38837
NTUY;
NUXY;11423,31441,39202
OOPP;24084,27383,28164,36450,38805
OOPR;32699,38769
OOPS;
OOPT;
OOPY;8683,20809,31681,37432,38815,38953
OORS;39131
OORT;
OORZ;26329,32155,32699
OOST;
OOSW;24090,24092,24144
OOSY;12536,21229,25895,28736,28884,32302,38951,39176
OOSZ;21383,38675
OOTT;12465,17101,24709,36847
OOTW;15330,30473,30513,31822,32248,35205,37344
OOTY;24610,28722,32049,33426,36003,37423
OOTZ;4174,4973,12058,12429,15903,22148,27545,38675,39235,39240
OOUZ;4851,8179,27696,28778
OOYZ;38961
OPPR;28164,28763,38816,38921
OPPS;
OPQU;
OPRS;
OPRT;
OPRU;
OPRW;25840,31893,32269
OPRY;
OPSS;
OPST;
OPSU;
OPSW;
OPSY;
OPTT;4898
OPTU;23878
OPTY;25804,28120
OPXY;5082,20809,38945,39188
OPZZ;579,5321,12238,31488,31710
ORRT;1001,19667,32315,39294
ORRY;21757,22838,23506
ORST;
ORSU;
ORSV;
ORSW;
ORSY;39330
ORTT;32220,32221
ORTU;39294
ORTV;39323
ORTW;39180,39294
ORTY;
ORUV;1146,12446,21178,27620,28172,37972
ORUX;16709,19573,20807,22063,25483,26686,27826,27986,30478,32127,34975,39221,39250
ORUY;21757,23025
ORVW;32277
ORXY;8071,21029,21084,21756,26771,26776,29186,32127,32164,32296,34458,35948,39250
OSSS;2926,5333,12566,12595,15431,20156,21431,22197,28600,28626,32219,32255,32301,39178,39204,39353
OSST;
OSSU;15350
OSSV;2922,5315,15413,23134,33460,37649,39304
OSSW;554
OSSY;35254,37716
OSTT;
OSTU;
OSTW;
OSTY;28609
OSUY;
OSVW;23599,30994,31130,31822,39083
OSWW;3383,13009,14726,14837,15429,21414,21455,28680,28809,28884,29343,30513,32288,32307,37997,39298
OSWY;28884
OTTU;23877,37797,39166
OTTW;10733,12409,15917,21235,23696,27827,28494,32754,34676,37213
OTWY;21453
PPSU;32664,39345
PPTY;10245
PPUU;21370
PRRU;24622,38769
PRSU;
PRSY;
PRTY;
PSST;
PSSU;7950
PSTU;
PSUY;
PTTU;
PTUZ;7597,18953,19129,27560
PTYY;12124,12298,20750,20802,21358,21387,28536,28577,28578,28744,28745,28839,28860,32167,38464,38791,38797,38970,38981
QSSU;26060,28628,32813,38465,39079
RRTU;4639,8035,8114,19820,19857,21172,21421,24675,28741,28862,32315,37949,37985,38726,39294
RRUU;2805,7992,8746,11573,11693,12371,19143,20612,21421,21661,22693,27864,28088,28875,31125,36034,37586,38726,38761
RSTU;
RSUU;2885,3659,39221
RSUY;
RTUY;39107
SSSU;575,5316,21431,32219,39286
SSUU;11945,12474,13725,14769,21174,21442,29909,32324,33632,36343,36488,36492,37416,37747,38793,39223,39346
SSUW;22785,22835,31895,32328,38563,38930
STTU;
STUU;576,3659,5284,13725,14717,21442,21448,21452,21557,22841,24105,24268,25868,28963,30571,36272,38577,39322
STXY;26751,28030,37605
SZZZ;
TTUU;10416,10435,11528,11682,12374,19581,21421,27965,36049,37797
TUYZ;20572
TUZZ;14738
UUYZ;
